0.000000e+00	0.000000e+00
4.180602e-03	6.557991e-04
1.247387e-02	1.984812e-03
2.076713e-02	3.353243e-03
2.906039e-02	4.763983e-03
3.735366e-02	6.219780e-03
4.564692e-02	7.723323e-03
5.394018e-02	9.277403e-03
6.223345e-02	1.088480e-02
7.052671e-02	1.254841e-02
7.808220e-02	1.411539e-02
8.563769e-02	1.573364e-02
9.319318e-02	1.740545e-02
1.007487e-01	1.913310e-02
1.083042e-01	2.091897e-02
1.158596e-01	2.276543e-02
1.234151e-01	2.467495e-02
1.309706e-01	2.664999e-02
1.400256e-01	2.910694e-02
1.490807e-01	3.166610e-02
1.581357e-01	3.433224e-02
1.671907e-01	3.710991e-02
1.762457e-01	4.000400e-02
1.853007e-01	4.301946e-02
1.943557e-01	4.616136e-02
2.034107e-01	4.943488e-02
2.116053e-01	5.251520e-02
2.197998e-01	5.571163e-02
2.279943e-01	5.902823e-02
2.361889e-01	6.246911e-02
2.443834e-01	6.603843e-02
2.525780e-01	6.974031e-02
2.607725e-01	7.357898e-02
2.689670e-01	7.755859e-02
2.775522e-01	8.188352e-02
2.861374e-01	8.637235e-02
2.947225e-01	9.102960e-02
3.033077e-01	9.585954e-02
3.118929e-01	1.008664e-01
3.204780e-01	1.060540e-01
3.290632e-01	1.114255e-01
3.376484e-01	1.169842e-01
3.452885e-01	1.220901e-01
3.529286e-01	1.273471e-01
3.605687e-01	1.327559e-01
3.682088e-01	1.383166e-01
3.758490e-01	1.440282e-01
3.834891e-01	1.498894e-01
3.911292e-01	1.558981e-01
3.987693e-01	1.620504e-01
4.076611e-01	1.693852e-01
4.165529e-01	1.768983e-01
4.254447e-01	1.845768e-01
4.343365e-01	1.924054e-01
4.521202e-01	2.084290e-01
4.699038e-01	2.247606e-01
4.868067e-01	2.403053e-01
5.037096e-01	2.555386e-01
5.121610e-01	2.629110e-01
5.206124e-01	2.700406e-01
5.290639e-01	2.768595e-01
5.375153e-01	2.832926e-01
5.456283e-01	2.890284e-01
5.537414e-01	2.942548e-01
5.577979e-01	2.966511e-01
5.618544e-01	2.988881e-01
5.659109e-01	3.009546e-01
5.699674e-01	3.028389e-01
5.740239e-01	3.045288e-01
5.780804e-01	3.060120e-01
5.821369e-01	3.072757e-01
5.841652e-01	3.078213e-01
5.861934e-01	3.083071e-01
5.882217e-01	3.087315e-01
5.902499e-01	3.090928e-01
5.922782e-01	3.093894e-01
5.943065e-01	3.096194e-01
5.963347e-01	3.097813e-01
5.983630e-01	3.098731e-01
6.003912e-01	3.098932e-01
6.024195e-01	3.098398e-01
6.045955e-01	3.096987e-01
6.067716e-01	3.094687e-01
6.089477e-01	3.091477e-01
6.111238e-01	3.087332e-01
6.132998e-01	3.082231e-01
6.154759e-01	3.076151e-01
6.176520e-01	3.069068e-01
6.198280e-01	3.060960e-01
6.241802e-01	3.041575e-01
6.285323e-01	3.017811e-01
6.328845e-01	2.989479e-01
6.372366e-01	2.956391e-01
6.415888e-01	2.918358e-01
6.459409e-01	2.875191e-01
6.502931e-01	2.826701e-01
6.546452e-01	2.772699e-01
6.633495e-01	2.647410e-01
6.720538e-01	2.497837e-01
6.804111e-01	2.330023e-01
6.887684e-01	2.137226e-01
6.971257e-01	1.918250e-01
7.054830e-01	1.671961e-01
7.138403e-01	1.397301e-01
7.221976e-01	1.093337e-01
7.305549e-01	7.592683e-02
7.389122e-01	3.944895e-02
7.546255e-01	-3.756360e-02
7.703388e-01	-1.254603e-01
7.860520e-01	-2.235079e-01
8.017653e-01	-3.299363e-01
8.189639e-01	-4.520014e-01
8.361626e-01	-5.725070e-01
8.533612e-01	-6.799123e-01
8.619606e-01	-7.241227e-01
8.705599e-01	-7.593753e-01
8.747639e-01	-7.727914e-01
8.789678e-01	-7.834470e-01
8.831718e-01	-7.911877e-01
8.852738e-01	-7.939256e-01
8.873758e-01	-7.958924e-01
8.894777e-01	-7.970790e-01
8.905287e-01	-7.973777e-01
8.915797e-01	-7.974791e-01
8.926307e-01	-7.973828e-01
8.936817e-01	-7.970885e-01
8.957837e-01	-7.959057e-01
8.978857e-01	-7.939327e-01
8.999876e-01	-7.911742e-01
9.041916e-01	-7.833298e-01
9.125995e-01	-7.586795e-01
9.210075e-01	-7.230687e-01
9.294154e-01	-6.780576e-01
9.378233e-01	-6.254608e-01
9.537129e-01	-5.119531e-01
9.696025e-01	-3.895179e-01
9.854922e-01	-2.669270e-01
1.001382e+00	-1.499754e-01
1.017865e+00	-3.822290e-02
1.034348e+00	6.194164e-02
1.050831e+00	1.498625e-01
1.067313e+00	2.256227e-01
1.075638e+00	2.594136e-01
1.083962e+00	2.903233e-01
1.092286e+00	3.184565e-01
1.100611e+00	3.439265e-01
1.108935e+00	3.668529e-01
1.117259e+00	3.873602e-01
1.125583e+00	4.055759e-01
1.133908e+00	4.216296e-01
1.142179e+00	4.355683e-01
1.150450e+00	4.476298e-01
1.158721e+00	4.579417e-01
1.166992e+00	4.666301e-01
1.171127e+00	4.704045e-01
1.175263e+00	4.738195e-01
1.179399e+00	4.768901e-01
1.183534e+00	4.796313e-01
1.187670e+00	4.820578e-01
1.191805e+00	4.841839e-01
1.195941e+00	4.860240e-01
1.200076e+00	4.875918e-01
1.202276e+00	4.883197e-01
1.204477e+00	4.889765e-01
1.206677e+00	4.895641e-01
1.208877e+00	4.900844e-01
1.211077e+00	4.905396e-01
1.213277e+00	4.909314e-01
1.215477e+00	4.912618e-01
1.217677e+00	4.915326e-01
1.219878e+00	4.917457e-01
1.222078e+00	4.919029e-01
1.224278e+00	4.920059e-01
1.226478e+00	4.920566e-01
1.228678e+00	4.920566e-01
1.230878e+00	4.920076e-01
1.233078e+00	4.919114e-01
1.235279e+00	4.917696e-01
1.237479e+00	4.915837e-01
1.239679e+00	4.913554e-01
1.241879e+00	4.910861e-01
1.244079e+00	4.907775e-01
1.246279e+00	4.904310e-01
1.248479e+00	4.900481e-01
1.250680e+00	4.896302e-01
1.252880e+00	4.891787e-01
1.257280e+00	4.881805e-01
1.261680e+00	4.870641e-01
1.266081e+00	4.858396e-01
1.270481e+00	4.845167e-01
1.274838e+00	4.831191e-01
1.279195e+00	4.816425e-01
1.283552e+00	4.800952e-01
1.287909e+00	4.784847e-01
1.296622e+00	4.751028e-01
1.305336e+00	4.715500e-01
1.314050e+00	4.678731e-01
1.322764e+00	4.641130e-01
1.340192e+00	4.564814e-01
1.356312e+00	4.494476e-01
1.364372e+00	4.459830e-01
1.372432e+00	4.425700e-01
1.380492e+00	4.392179e-01
1.388552e+00	4.359342e-01
1.396613e+00	4.327242e-01
1.404673e+00	4.295917e-01
1.413015e+00	4.264332e-01
1.421358e+00	4.233610e-01
1.429701e+00	4.203744e-01
1.438043e+00	4.174718e-01
1.446386e+00	4.146504e-01
1.454729e+00	4.119066e-01
1.463072e+00	4.092357e-01
1.471414e+00	4.066328e-01
1.479709e+00	4.041065e-01
1.488003e+00	4.016354e-01
1.496298e+00	3.992131e-01
1.504592e+00	3.968327e-01
1.512886e+00	3.944871e-01
1.521181e+00	3.921711e-01
1.537770e+00	3.875874e-01
1.555527e+00	3.827007e-01
1.564406e+00	3.802425e-01
1.573284e+00	3.777623e-01
1.582163e+00	3.752512e-01
1.591042e+00	3.727006e-01
1.599920e+00	3.701025e-01
1.608799e+00	3.674491e-01
1.616345e+00	3.651453e-01
1.623890e+00	3.627925e-01
1.631436e+00	3.603872e-01
1.638982e+00	3.579264e-01
1.646527e+00	3.554074e-01
1.654073e+00	3.528283e-01
1.661619e+00	3.501880e-01
1.669164e+00	3.474861e-01
1.678211e+00	3.441662e-01
1.687257e+00	3.407613e-01
1.696304e+00	3.372765e-01
1.705351e+00	3.337193e-01
1.714397e+00	3.301005e-01
1.723444e+00	3.264343e-01
1.741537e+00	3.190349e-01
1.749368e+00	3.158428e-01
1.757200e+00	3.126852e-01
1.765032e+00	3.095853e-01
1.772864e+00	3.065700e-01
1.780696e+00	3.036691e-01
1.788528e+00	3.009166e-01
1.792444e+00	2.996077e-01
1.796360e+00	2.983504e-01
1.800275e+00	2.971502e-01
1.804191e+00	2.960127e-01
1.808694e+00	2.947898e-01
1.813197e+00	2.936669e-01
1.817699e+00	2.926539e-01
1.822202e+00	2.917614e-01
1.824453e+00	2.913636e-01
1.826704e+00	2.910001e-01
1.828956e+00	2.906723e-01
1.831207e+00	2.903816e-01
1.833458e+00	2.901297e-01
1.835710e+00	2.899178e-01
1.837961e+00	2.897478e-01
1.840212e+00	2.896211e-01
1.842463e+00	2.895393e-01
1.844715e+00	2.895043e-01
1.846966e+00	2.895175e-01
1.849217e+00	2.895808e-01
1.851469e+00	2.896960e-01
1.853720e+00	2.898648e-01
1.855971e+00	2.900891e-01
1.858223e+00	2.903707e-01
1.860474e+00	2.907115e-01
1.862725e+00	2.911133e-01
1.864976e+00	2.915782e-01
1.867228e+00	2.921081e-01
1.869479e+00	2.927049e-01
1.871730e+00	2.933707e-01
1.876233e+00	2.949174e-01
1.880430e+00	2.966298e-01
1.884628e+00	2.986175e-01
1.888825e+00	3.008947e-01
1.893023e+00	3.034756e-01
1.897220e+00	3.063750e-01
1.901418e+00	3.096078e-01
1.905615e+00	3.131890e-01
1.909813e+00	3.171341e-01
1.918208e+00	3.261780e-01
1.926603e+00	3.368654e-01
1.934998e+00	3.493248e-01
1.943393e+00	3.636853e-01
1.951772e+00	3.800447e-01
1.960152e+00	3.985562e-01
1.968532e+00	4.193470e-01
1.976911e+00	4.425425e-01
1.985291e+00	4.682638e-01
1.993671e+00	4.966265e-01
2.002050e+00	5.277399e-01
2.010430e+00	5.617023e-01
2.026415e+00	6.346879e-01
2.042400e+00	7.187428e-01
2.058385e+00	8.138649e-01
2.074370e+00	9.193961e-01
2.091056e+00	1.038763e+00
2.107741e+00	1.163645e+00
2.124427e+00	1.287255e+00
2.141113e+00	1.399321e+00
2.148954e+00	1.444280e+00
2.156795e+00	1.482292e+00
2.164636e+00	1.511958e+00
2.172476e+00	1.532096e+00
2.176397e+00	1.538313e+00
2.178357e+00	1.540425e+00
2.180317e+00	1.541867e+00
2.181297e+00	1.542334e+00
2.182277e+00	1.542633e+00
2.183257e+00	1.542762e+00
2.184237e+00	1.542723e+00
2.185218e+00	1.542514e+00
2.186198e+00	1.542137e+00
2.188158e+00	1.540878e+00
2.192078e+00	1.536361e+00
2.195999e+00	1.529233e+00
2.199919e+00	1.519579e+00
2.203839e+00	1.507516e+00
2.212401e+00	1.473483e+00
2.220962e+00	1.430321e+00
2.238085e+00	1.324237e+00
2.255207e+00	1.203954e+00
2.272330e+00	1.081216e+00
2.290017e+00	9.601619e-01
2.307704e+00	8.498518e-01
2.325391e+00	7.527209e-01
2.343078e+00	6.696151e-01
2.351264e+00	6.358998e-01
2.359449e+00	6.051228e-01
2.367634e+00	5.772119e-01
2.375820e+00	5.520819e-01
2.384005e+00	5.296360e-01
2.392190e+00	5.097692e-01
2.400375e+00	4.923699e-01
2.408561e+00	4.773214e-01
2.417027e+00	4.640492e-01
2.425493e+00	4.530887e-01
2.429726e+00	4.484089e-01
2.433960e+00	4.442396e-01
2.438193e+00	4.405633e-01
2.442426e+00	4.373628e-01
2.446659e+00	4.346205e-01
2.450892e+00	4.323193e-01
2.455125e+00	4.304418e-01
2.457242e+00	4.296566e-01
2.459358e+00	4.289710e-01
2.461475e+00	4.283829e-01
2.463592e+00	4.278900e-01
2.465708e+00	4.274904e-01
2.467825e+00	4.271820e-01
2.469941e+00	4.269626e-01
2.472058e+00	4.268302e-01
2.474174e+00	4.267829e-01
2.476291e+00	4.268184e-01
2.478330e+00	4.269293e-01
2.480368e+00	4.271134e-01
2.482407e+00	4.273691e-01
2.484445e+00	4.276946e-01
2.486484e+00	4.280881e-01
2.488522e+00	4.285480e-01
2.490561e+00	4.290724e-01
2.492599e+00	4.296599e-01
2.496677e+00	4.310169e-01
2.500754e+00	4.326060e-01
2.504831e+00	4.344142e-01
2.508908e+00	4.364292e-01
2.512985e+00	4.386386e-01
2.517062e+00	4.410307e-01
2.521139e+00	4.435940e-01
2.525216e+00	4.463173e-01
2.533371e+00	4.522014e-01
2.541525e+00	4.586011e-01
2.549435e+00	4.652302e-01
2.557345e+00	4.722093e-01
2.565255e+00	4.794797e-01
2.573165e+00	4.869881e-01
2.588985e+00	5.025295e-01
2.604806e+00	5.185027e-01
2.623352e+00	5.374318e-01
2.641899e+00	5.562449e-01
2.660445e+00	5.748145e-01
2.678992e+00	5.929651e-01
2.695547e+00	6.087559e-01
2.712102e+00	6.241414e-01
2.728658e+00	6.391304e-01
2.745213e+00	6.537497e-01
2.760569e+00	6.670138e-01
2.775925e+00	6.800334e-01
2.791280e+00	6.928520e-01
2.806636e+00	7.055154e-01
2.823479e+00	7.192813e-01
2.840322e+00	7.329736e-01
2.874008e+00	7.603369e-01
2.908461e+00	7.885145e-01
2.925687e+00	8.026857e-01
2.942914e+00	8.168580e-01
2.959803e+00	8.306656e-01
2.976693e+00	8.442501e-01
2.985138e+00	8.509001e-01
2.993582e+00	8.574161e-01
3.002027e+00	8.637623e-01
3.010472e+00	8.698986e-01
3.018532e+00	8.755173e-01
3.026591e+00	8.808586e-01
3.034651e+00	8.858732e-01
3.042711e+00	8.905065e-01
3.046741e+00	8.926619e-01
3.050771e+00	8.946994e-01
3.054800e+00	8.966106e-01
3.058830e+00	8.983869e-01
3.062860e+00	9.000195e-01
3.066890e+00	9.014989e-01
3.070920e+00	9.028157e-01
3.074950e+00	9.039601e-01
3.077033e+00	9.044808e-01
3.079117e+00	9.049512e-01
3.081200e+00	9.053698e-01
3.083283e+00	9.057353e-01
3.085367e+00	9.060460e-01
3.087450e+00	9.063005e-01
3.089534e+00	9.064971e-01
3.091617e+00	9.066344e-01
3.093700e+00	9.067108e-01
3.095784e+00	9.067245e-01
3.097867e+00	9.066741e-01
3.099951e+00	9.065578e-01
3.102034e+00	9.063740e-01
3.104117e+00	9.061209e-01
3.106201e+00	9.057969e-01
3.108284e+00	9.054002e-01
3.110368e+00	9.049291e-01
3.112451e+00	9.043818e-01
3.114534e+00	9.037566e-01
3.116618e+00	9.030517e-01
3.120785e+00	9.013956e-01
3.124951e+00	8.993987e-01
3.129118e+00	8.970462e-01
3.133285e+00	8.943230e-01
3.137452e+00	8.912141e-01
3.141619e+00	8.877041e-01
3.146083e+00	8.834808e-01
3.150547e+00	8.787599e-01
3.155011e+00	8.735223e-01
3.159476e+00	8.677485e-01
3.168404e+00	8.545148e-01
3.177333e+00	8.389029e-01
3.186262e+00	8.207583e-01
3.195190e+00	7.999283e-01
3.204119e+00	7.762643e-01
3.213048e+00	7.496230e-01
3.221423e+00	7.218037e-01
3.229799e+00	6.911416e-01
3.238175e+00	6.575429e-01
3.246550e+00	6.209280e-01
3.263302e+00	5.384360e-01
3.280053e+00	4.435270e-01
3.295336e+00	3.465576e-01
3.310619e+00	2.409555e-01
3.325902e+00	1.292130e-01
3.341185e+00	1.561834e-02
3.358200e+00	-1.048518e-01
3.366708e+00	-1.590001e-01
3.375215e+00	-2.066597e-01
3.383722e+00	-2.459425e-01
3.392230e+00	-2.750980e-01
3.396483e+00	-2.854181e-01
3.400737e+00	-2.927136e-01
3.402864e+00	-2.951965e-01
3.404991e+00	-2.968915e-01
3.406054e+00	-2.974419e-01
3.407118e+00	-2.977935e-01
3.408181e+00	-2.979463e-01
3.409245e+00	-2.979001e-01
3.410337e+00	-2.976458e-01
3.411429e+00	-2.971822e-01
3.413614e+00	-2.956290e-01
3.415798e+00	-2.932469e-01
3.417983e+00	-2.900458e-01
3.422352e+00	-2.812379e-01
3.426721e+00	-2.693362e-01
3.435459e+00	-2.369614e-01
3.444197e+00	-1.946238e-01
3.452935e+00	-1.443131e-01
3.461674e+00	-8.808972e-02
3.479150e+00	3.446167e-02
3.495025e+00	1.487885e-01
3.510901e+00	2.590781e-01
3.526776e+00	3.612689e-01
3.542652e+00	4.531495e-01
3.551755e+00	5.007615e-01
3.560857e+00	5.445821e-01
3.569960e+00	5.846100e-01
3.579062e+00	6.208893e-01
3.588165e+00	6.534987e-01
3.597268e+00	6.825423e-01
3.606370e+00	7.081437e-01
3.615473e+00	7.304407e-01
3.623466e+00	7.474126e-01
3.631459e+00	7.620577e-01
3.639452e+00	7.744858e-01
3.647445e+00	7.848096e-01
3.651441e+00	7.892182e-01
3.655438e+00	7.931438e-01
3.659434e+00	7.966009e-01
3.663431e+00	7.996041e-01
3.667427e+00	8.021678e-01
3.671424e+00	8.043066e-01
3.675420e+00	8.060349e-01
3.677418e+00	8.067497e-01
3.679417e+00	8.073672e-01
3.681441e+00	8.078955e-01
3.683465e+00	8.083277e-01
3.685489e+00	8.086657e-01
3.687513e+00	8.089113e-01
3.689537e+00	8.090663e-01
3.691562e+00	8.091326e-01
3.693586e+00	8.091121e-01
3.695610e+00	8.090063e-01
3.697634e+00	8.088173e-01
3.699658e+00	8.085467e-01
3.701682e+00	8.081963e-01
3.703706e+00	8.077679e-01
3.705730e+00	8.072632e-01
3.707755e+00	8.066840e-01
3.711803e+00	8.053085e-01
3.715851e+00	8.036552e-01
3.719899e+00	8.017372e-01
3.723948e+00	7.995676e-01
3.727996e+00	7.971589e-01
3.732044e+00	7.945237e-01
3.736092e+00	7.916739e-01
3.744189e+00	7.853777e-01
3.752523e+00	7.781444e-01
3.760857e+00	7.702395e-01
3.769192e+00	7.617486e-01
3.777526e+00	7.527514e-01
3.785860e+00	7.433205e-01
3.794194e+00	7.335225e-01
3.802529e+00	7.234174e-01
3.810863e+00	7.130591e-01
3.828339e+00	6.907230e-01
3.845815e+00	6.678432e-01
3.863291e+00	6.446896e-01
3.880767e+00	6.214508e-01
3.915163e+00	5.758829e-01
3.949559e+00	5.307828e-01
3.979559e+00	4.917428e-01
4.009559e+00	4.527313e-01
4.043652e+00	4.080737e-01
4.060699e+00	3.855130e-01
4.077746e+00	3.627658e-01
4.111173e+00	3.176681e-01
4.127886e+00	2.949817e-01
4.144600e+00	2.723488e-01
4.162877e+00	2.478734e-01
4.181154e+00	2.240086e-01
4.190292e+00	2.124400e-01
4.199431e+00	2.012019e-01
4.208569e+00	1.903708e-01
4.217708e+00	1.800324e-01
4.225743e+00	1.714238e-01
4.233779e+00	1.633398e-01
4.241814e+00	1.558561e-01
4.249850e+00	1.490541e-01
4.253868e+00	1.459357e-01
4.257885e+00	1.430205e-01
4.261903e+00	1.403202e-01
4.265921e+00	1.378467e-01
4.269939e+00	1.356122e-01
4.273956e+00	1.336291e-01
4.277974e+00	1.319102e-01
4.281992e+00	1.304684e-01
4.283948e+00	1.298708e-01
4.285903e+00	1.293436e-01
4.287859e+00	1.288881e-01
4.289814e+00	1.285061e-01
4.291770e+00	1.281991e-01
4.293725e+00	1.279686e-01
4.295681e+00	1.278162e-01
4.297637e+00	1.277436e-01
4.299592e+00	1.277524e-01
4.301548e+00	1.278441e-01
4.303503e+00	1.280204e-01
4.305459e+00	1.282829e-01
4.307414e+00	1.286332e-01
4.309370e+00	1.290730e-01
4.311325e+00	1.296040e-01
4.313281e+00	1.302277e-01
4.317192e+00	1.317600e-01
4.321103e+00	1.336832e-01
4.325014e+00	1.360106e-01
4.328926e+00	1.387554e-01
4.332837e+00	1.419310e-01
4.336748e+00	1.455505e-01
4.340659e+00	1.496272e-01
4.344570e+00	1.541742e-01
4.353276e+00	1.660496e-01
4.361982e+00	1.804607e-01
4.370688e+00	1.975445e-01
4.379395e+00	2.174319e-01
4.388101e+00	2.402461e-01
4.396807e+00	2.661010e-01
4.405513e+00	2.950976e-01
4.414219e+00	3.273192e-01
4.422935e+00	3.628689e-01
4.431650e+00	4.017467e-01
4.449081e+00	4.894319e-01
4.466513e+00	5.896842e-01
4.483944e+00	7.004822e-01
4.500181e+00	8.095644e-01
4.516418e+00	9.184250e-01
4.532655e+00	1.018326e+00
4.540774e+00	1.061400e+00
4.548892e+00	1.097796e+00
4.557419e+00	1.127137e+00
4.561682e+00	1.137902e+00
4.565945e+00	1.145837e+00
4.568077e+00	1.148702e+00
4.570208e+00	1.150814e+00
4.572340e+00	1.152162e+00
4.573406e+00	1.152547e+00
4.574471e+00	1.152739e+00
4.575537e+00	1.152735e+00
4.576603e+00	1.152538e+00
4.577669e+00	1.152145e+00
4.578735e+00	1.151557e+00
4.580866e+00	1.149796e+00
4.582998e+00	1.147259e+00
4.587261e+00	1.139874e+00
4.591524e+00	1.129476e+00
4.600051e+00	1.100118e+00
4.608577e+00	1.060466e+00
4.617104e+00	1.012175e+00
4.634154e+00	8.970810e-01
4.651205e+00	7.689480e-01
4.668255e+00	6.389831e-01
4.685306e+00	5.146458e-01
4.702008e+00	4.024686e-01
4.718711e+00	3.018399e-01
4.735413e+00	2.134790e-01
4.752115e+00	1.373310e-01
4.760424e+00	1.038558e-01
4.768732e+00	7.319205e-02
4.777040e+00	4.523959e-02
4.785349e+00	1.988957e-02
4.793657e+00	-2.973000e-03
4.801965e+00	-2.346720e-02
4.810274e+00	-4.171528e-02
4.818582e+00	-5.784118e-02
4.826207e+00	-7.087917e-02
4.833831e+00	-8.233118e-02
4.841456e+00	-9.229288e-02
4.849080e+00	-1.008589e-01
4.852892e+00	-1.046477e-01
4.856705e+00	-1.081224e-01
4.860517e+00	-1.112943e-01
4.864329e+00	-1.141746e-01
4.868142e+00	-1.167744e-01
4.871954e+00	-1.191045e-01
4.875766e+00	-1.211757e-01
4.879578e+00	-1.229985e-01
4.884163e+00	-1.248760e-01
4.888747e+00	-1.264269e-01
4.891039e+00	-1.270853e-01
4.893331e+00	-1.276683e-01
4.895623e+00	-1.281782e-01
4.897916e+00	-1.286168e-01
4.900208e+00	-1.289864e-01
4.902500e+00	-1.292887e-01
4.904792e+00	-1.295259e-01
4.907084e+00	-1.296997e-01
4.909376e+00	-1.298122e-01
4.911669e+00	-1.298652e-01
4.913961e+00	-1.298604e-01
4.916253e+00	-1.297997e-01
4.918545e+00	-1.296848e-01
4.920837e+00	-1.295174e-01
4.923129e+00	-1.292993e-01
4.925422e+00	-1.290321e-01
4.927714e+00	-1.287175e-01
4.930006e+00	-1.283570e-01
4.932298e+00	-1.279523e-01
4.934590e+00	-1.275047e-01
4.939174e+00	-1.264872e-01
4.943759e+00	-1.253160e-01
4.948343e+00	-1.240023e-01
4.952927e+00	-1.225565e-01
4.956870e+00	-1.212153e-01
4.960812e+00	-1.197898e-01
4.964754e+00	-1.182858e-01
4.968696e+00	-1.167089e-01
4.976580e+00	-1.133567e-01
4.984464e+00	-1.097720e-01
4.992348e+00	-1.059893e-01
5.000233e+00	-1.020397e-01
5.008117e+00	-9.795023e-02
5.016001e+00	-9.374479e-02
5.024149e+00	-8.929883e-02
5.032297e+00	-8.477107e-02
5.048593e+00	-7.553497e-02
5.064889e+00	-6.613739e-02
5.081184e+00	-5.664518e-02
5.098067e+00	-4.675310e-02
5.114950e+00	-3.682294e-02
5.148716e+00	-1.687012e-02
5.181462e+00	2.580465e-03
5.197834e+00	1.230576e-02
5.214207e+00	2.197516e-02
5.223301e+00	2.729475e-02
5.232396e+00	3.255558e-02
5.241490e+00	3.773535e-02
5.250584e+00	4.280712e-02
5.259678e+00	4.773890e-02
5.268773e+00	5.249321e-02
5.277867e+00	5.702657e-02
5.286961e+00	6.128900e-02
5.294731e+00	6.467360e-02
5.298617e+00	6.626396e-02
5.302502e+00	6.777932e-02
5.306387e+00	6.921415e-02
5.310272e+00	7.056261e-02
5.314157e+00	7.181859e-02
5.318042e+00	7.297571e-02
5.321928e+00	7.402731e-02
5.325813e+00	7.496646e-02
5.329698e+00	7.578604e-02
5.333583e+00	7.647866e-02
5.335526e+00	7.677495e-02
5.337468e+00	7.703658e-02
5.339411e+00	7.726255e-02
5.341353e+00	7.745182e-02
5.343296e+00	7.760335e-02
5.345239e+00	7.771608e-02
5.347181e+00	7.778893e-02
5.349124e+00	7.782079e-02
5.351363e+00	7.780524e-02
5.353603e+00	7.773209e-02
5.355842e+00	7.759959e-02
5.358082e+00	7.740596e-02
5.360321e+00	7.714941e-02
5.362561e+00	7.682810e-02
5.364800e+00	7.644016e-02
5.367040e+00	7.598371e-02
5.369279e+00	7.545682e-02
5.371519e+00	7.485753e-02
5.373758e+00	7.418388e-02
5.375998e+00	7.343388e-02
5.380477e+00	7.169693e-02
5.384956e+00	6.963042e-02
5.389435e+00	6.721763e-02
5.393914e+00	6.444145e-02
5.398393e+00	6.128443e-02
5.402872e+00	5.772888e-02
5.407351e+00	5.375712e-02
5.411830e+00	4.935102e-02
5.416309e+00	4.449219e-02
5.420788e+00	3.916204e-02
5.428909e+00	2.823513e-02
5.437030e+00	1.558541e-02
5.445151e+00	1.100049e-03
5.453272e+00	-1.533399e-02
5.461393e+00	-3.382796e-02
5.469514e+00	-5.449173e-02
5.477635e+00	-7.743290e-02
5.485756e+00	-1.027538e-01
5.493827e+00	-1.303719e-01
5.501898e+00	-1.605237e-01
5.518039e+00	-2.287257e-01
5.534181e+00	-3.078009e-01
5.550322e+00	-3.978230e-01
5.568022e+00	-5.084629e-01
5.585721e+00	-6.295210e-01
5.603421e+00	-7.566128e-01
5.621120e+00	-8.819987e-01
5.636629e+00	-9.812381e-01
5.644383e+00	-1.023858e+00
5.652137e+00	-1.060022e+00
5.659892e+00	-1.088459e+00
5.667646e+00	-1.108084e+00
5.671523e+00	-1.114331e+00
5.673462e+00	-1.116531e+00
5.675400e+00	-1.118108e+00
5.677339e+00	-1.119058e+00
5.678308e+00	-1.119297e+00
5.679277e+00	-1.119379e+00
5.680247e+00	-1.119304e+00
5.681216e+00	-1.119071e+00
5.683155e+00	-1.118135e+00
5.685352e+00	-1.116318e+00
5.687550e+00	-1.113707e+00
5.691945e+00	-1.106141e+00
5.696340e+00	-1.095550e+00
5.700735e+00	-1.082086e+00
5.709525e+00	-1.047291e+00
5.718315e+00	-1.003493e+00
5.735895e+00	-8.966690e-01
5.753475e+00	-7.764760e-01
5.770640e+00	-6.574702e-01
5.787804e+00	-5.441452e-01
5.804969e+00	-4.407091e-01
5.822133e+00	-3.492594e-01
5.838095e+00	-2.756517e-01
5.854057e+00	-2.130466e-01
5.862038e+00	-1.857567e-01
5.870019e+00	-1.610493e-01
5.877999e+00	-1.388412e-01
5.885980e+00	-1.190412e-01
5.894316e+00	-1.008271e-01
5.902651e+00	-8.501645e-02
5.910986e+00	-7.148815e-02
5.919321e+00	-6.011828e-02
5.923489e+00	-5.520349e-02
5.927656e+00	-5.078105e-02
5.931824e+00	-4.683510e-02
5.935992e+00	-4.334980e-02
5.940159e+00	-4.030935e-02
5.944327e+00	-3.769797e-02
5.948494e+00	-3.549992e-02
5.952662e+00	-3.369963e-02
5.954657e+00	-3.297401e-02
5.956653e+00	-3.233434e-02
5.958648e+00	-3.177894e-02
5.960643e+00	-3.130614e-02
5.962638e+00	-3.091428e-02
5.964634e+00	-3.060172e-02
5.966629e+00	-3.036680e-02
5.968624e+00	-3.020792e-02
5.970619e+00	-3.012346e-02
5.972615e+00	-3.011181e-02
5.974610e+00	-3.017138e-02
5.976605e+00	-3.030060e-02
5.978600e+00	-3.049791e-02
5.980596e+00	-3.076175e-02
5.982591e+00	-3.109058e-02
5.984586e+00	-3.148290e-02
5.986581e+00	-3.193718e-02
5.988577e+00	-3.245194e-02
5.992567e+00	-3.365703e-02
5.996558e+00	-3.508656e-02
6.000548e+00	-3.672921e-02
6.004539e+00	-3.857393e-02
6.008529e+00	-4.060995e-02
6.012520e+00	-4.282681e-02
6.016510e+00	-4.521435e-02
6.020740e+00	-4.792020e-02
6.024969e+00	-5.079537e-02
6.033428e+00	-5.701028e-02
6.041887e+00	-6.377642e-02
6.050346e+00	-7.101758e-02
6.058805e+00	-7.866406e-02
6.067263e+00	-8.665254e-02
6.075722e+00	-9.492587e-02
6.084181e+00	-1.034328e-01
6.101496e+00	-1.213895e-01
6.118811e+00	-1.398188e-01
6.136126e+00	-1.584807e-01
6.153440e+00	-1.772040e-01
6.171042e+00	-1.961809e-01
6.188644e+00	-2.150244e-01
6.206245e+00	-2.336895e-01
6.223847e+00	-2.521505e-01
6.239716e+00	-2.686049e-01
6.255585e+00	-2.848637e-01
6.271454e+00	-3.009021e-01
6.287323e+00	-3.166790e-01
6.304636e+00	-3.335158e-01
6.321949e+00	-3.498366e-01
6.330605e+00	-3.577488e-01
6.339262e+00	-3.654582e-01
6.347918e+00	-3.729310e-01
6.356574e+00	-3.801286e-01
6.364511e+00	-3.864486e-01
6.372448e+00	-3.924618e-01
6.380385e+00	-3.981253e-01
6.388322e+00	-4.033919e-01
6.396260e+00	-4.082105e-01
6.400228e+00	-4.104344e-01
6.404197e+00	-4.125249e-01
6.408165e+00	-4.144742e-01
6.412134e+00	-4.162743e-01
6.416102e+00	-4.179168e-01
6.420071e+00	-4.193930e-01
6.424301e+00	-4.207736e-01
6.428531e+00	-4.219439e-01
6.430646e+00	-4.224467e-01
6.432761e+00	-4.228926e-01
6.434876e+00	-4.232800e-01
6.436992e+00	-4.236076e-01
6.439107e+00	-4.238737e-01
6.441222e+00	-4.240767e-01
6.443337e+00	-4.242152e-01
6.445452e+00	-4.242875e-01
6.447567e+00	-4.242919e-01
6.449682e+00	-4.242268e-01
6.451797e+00	-4.240907e-01
6.453912e+00	-4.238816e-01
6.456027e+00	-4.235981e-01
6.458143e+00	-4.232383e-01
6.460258e+00	-4.228006e-01
6.462373e+00	-4.222831e-01
6.464488e+00	-4.216841e-01
6.466603e+00	-4.210018e-01
6.470833e+00	-4.193801e-01
6.475063e+00	-4.174033e-01
6.479294e+00	-4.150568e-01
6.483524e+00	-4.123254e-01
6.487754e+00	-4.091940e-01
6.491774e+00	-4.058336e-01
6.495794e+00	-4.020848e-01
6.499813e+00	-3.979342e-01
6.503833e+00	-3.933682e-01
6.511873e+00	-3.829362e-01
6.519912e+00	-3.706797e-01
6.527952e+00	-3.564902e-01
6.535991e+00	-3.402598e-01
6.544031e+00	-3.218816e-01
6.552070e+00	-3.012521e-01
6.560956e+00	-2.757094e-01
6.569843e+00	-2.471643e-01
6.578729e+00	-2.154992e-01
6.587615e+00	-1.806090e-01
6.605388e+00	-1.008338e-01
6.623160e+00	-7.492858e-03
6.640272e+00	9.485634e-02
6.657385e+00	2.080302e-01
6.674497e+00	3.288974e-01
6.691609e+00	4.517317e-01
6.707473e+00	5.594504e-01
6.715406e+00	6.079652e-01
6.723338e+00	6.510428e-01
6.731271e+00	6.872374e-01
6.739203e+00	7.151970e-01
6.743169e+00	7.257231e-01
6.747135e+00	7.337905e-01
6.751101e+00	7.393126e-01
6.753084e+00	7.411000e-01
6.755068e+00	7.422318e-01
6.756167e+00	7.425757e-01
6.757267e+00	7.427169e-01
6.758367e+00	7.426553e-01
6.759467e+00	7.423910e-01
6.761667e+00	7.412560e-01
6.763867e+00	7.393171e-01
6.768266e+00	7.330625e-01
6.772666e+00	7.237228e-01
6.777066e+00	7.114347e-01
6.781465e+00	6.963701e-01
6.790264e+00	6.587380e-01
6.799064e+00	6.126623e-01
6.807863e+00	5.601230e-01
6.825461e+00	4.432520e-01
6.841858e+00	3.295473e-01
6.858255e+00	2.189507e-01
6.874652e+00	1.161650e-01
6.891048e+00	2.378898e-02
6.906975e+00	-5.483301e-02
6.922902e+00	-1.222075e-01
6.930865e+00	-1.517232e-01
6.938829e+00	-1.785246e-01
6.946792e+00	-2.026804e-01
6.954756e+00	-2.242700e-01
6.963196e+00	-2.444484e-01
6.971636e+00	-2.619560e-01
6.980076e+00	-2.769121e-01
6.988515e+00	-2.894408e-01
6.992735e+00	-2.948345e-01
6.996955e+00	-2.996694e-01
7.001175e+00	-3.039616e-01
7.005395e+00	-3.077276e-01
7.009615e+00	-3.109838e-01
7.013835e+00	-3.137466e-01
7.018055e+00	-3.160324e-01
7.022275e+00	-3.178576e-01
7.024410e+00	-3.186108e-01
7.026545e+00	-3.192523e-01
7.028680e+00	-3.197843e-01
7.030815e+00	-3.202088e-01
7.032950e+00	-3.205281e-01
7.035085e+00	-3.207440e-01
7.037220e+00	-3.208587e-01
7.038288e+00	-3.208787e-01
7.039355e+00	-3.208743e-01
7.041490e+00	-3.207927e-01
7.043625e+00	-3.206160e-01
7.045760e+00	-3.203462e-01
7.047895e+00	-3.199854e-01
7.050030e+00	-3.195354e-01
7.052165e+00	-3.189983e-01
7.054300e+00	-3.183760e-01
7.056435e+00	-3.176704e-01
7.060705e+00	-3.160172e-01
7.064975e+00	-3.140538e-01
7.069244e+00	-3.117950e-01
7.073514e+00	-3.092554e-01
7.077784e+00	-3.064489e-01
7.082054e+00	-3.033896e-01
7.086324e+00	-3.000907e-01
7.090594e+00	-2.965653e-01
7.098468e+00	-2.895130e-01
7.106341e+00	-2.818090e-01
7.114215e+00	-2.735242e-01
7.122088e+00	-2.647245e-01
7.129962e+00	-2.554709e-01
7.137835e+00	-2.458194e-01
7.145709e+00	-2.358215e-01
7.153582e+00	-2.255237e-01
7.171643e+00	-2.009884e-01
7.189704e+00	-1.755116e-01
7.207765e+00	-1.494113e-01
7.225826e+00	-1.229167e-01
7.260116e+00	-7.205049e-02
7.294406e+00	-2.090741e-02
7.327964e+00	2.910849e-02
7.361523e+00	7.871426e-02
7.377654e+00	1.022041e-01
7.393785e+00	1.252810e-01
7.409916e+00	1.477476e-01
7.426047e+00	1.693447e-01
7.434263e+00	1.799081e-01
7.442480e+00	1.901103e-01
7.450696e+00	1.998949e-01
7.458912e+00	2.091996e-01
7.467129e+00	2.179566e-01
7.475345e+00	2.260924e-01
7.483562e+00	2.335275e-01
7.491778e+00	2.401770e-01
7.496191e+00	2.433929e-01
7.500604e+00	2.463418e-01
7.505017e+00	2.490085e-01
7.509430e+00	2.513778e-01
7.513843e+00	2.534340e-01
7.518256e+00	2.551608e-01
7.520463e+00	2.558956e-01
7.522669e+00	2.565418e-01
7.524876e+00	2.570974e-01
7.527082e+00	2.575602e-01
7.529289e+00	2.579281e-01
7.531495e+00	2.581990e-01
7.533702e+00	2.583707e-01
7.535908e+00	2.584411e-01
7.537011e+00	2.584375e-01
7.538115e+00	2.584078e-01
7.539218e+00	2.583516e-01
7.540321e+00	2.582687e-01
7.542528e+00	2.580216e-01
7.544734e+00	2.576643e-01
7.546941e+00	2.571944e-01
7.549147e+00	2.566098e-01
7.551354e+00	2.559082e-01
7.553560e+00	2.550874e-01
7.557973e+00	2.530789e-01
7.562386e+00	2.505661e-01
7.566530e+00	2.477308e-01
7.570675e+00	2.444196e-01
7.574819e+00	2.406174e-01
7.578963e+00	2.363092e-01
7.587252e+00	2.261150e-01
7.595540e+00	2.137192e-01
7.603829e+00	1.990067e-01
7.612117e+00	1.818662e-01
7.620406e+00	1.621924e-01
7.628695e+00	1.398863e-01
7.636577e+00	1.161486e-01
7.644460e+00	8.988206e-02
7.652343e+00	6.102997e-02
7.660225e+00	2.955267e-02
7.675991e+00	-4.133570e-02
7.691756e+00	-1.226179e-01
7.708823e+00	-2.213678e-01
7.725890e+00	-3.289552e-01
7.742957e+00	-4.408718e-01
7.760024e+00	-5.496428e-01
7.768334e+00	-5.983204e-01
7.776644e+00	-6.421932e-01
7.784954e+00	-6.796548e-01
7.793265e+00	-7.091230e-01
7.797420e+00	-7.204057e-01
7.801575e+00	-7.291798e-01
7.805730e+00	-7.353191e-01
7.807807e+00	-7.373691e-01
7.809885e+00	-7.387264e-01
7.810924e+00	-7.391430e-01
7.811962e+00	-7.393840e-01
7.813001e+00	-7.394489e-01
7.814040e+00	-7.393371e-01
7.815079e+00	-7.390484e-01
7.816117e+00	-7.385827e-01
7.818195e+00	-7.371204e-01
7.822350e+00	-7.320825e-01
7.826505e+00	-7.242639e-01
7.830708e+00	-7.136046e-01
7.834911e+00	-7.002886e-01
7.843316e+00	-6.662746e-01
7.851722e+00	-6.236114e-01
7.860127e+00	-5.739194e-01
7.876938e+00	-4.601550e-01
7.893749e+00	-3.372949e-01
7.910297e+00	-2.165961e-01
7.926845e+00	-1.020280e-01
7.943392e+00	3.030024e-03
7.959940e+00	9.691734e-02
7.975853e+00	1.761395e-01
7.991767e+00	2.445927e-01
7.999724e+00	2.749064e-01
8.007680e+00	3.027077e-01
8.015637e+00	3.280809e-01
8.023594e+00	3.511177e-01
8.032615e+00	3.745331e-01
8.041637e+00	3.952161e-01
8.050658e+00	4.133177e-01
8.059680e+00	4.289910e-01
8.068701e+00	4.423896e-01
8.077723e+00	4.536673e-01
8.082233e+00	4.585582e-01
8.086744e+00	4.629756e-01
8.091255e+00	4.669381e-01
8.095766e+00	4.704639e-01
8.099860e+00	4.733014e-01
8.103955e+00	4.758074e-01
8.108049e+00	4.779949e-01
8.112144e+00	4.798768e-01
8.116238e+00	4.814659e-01
8.120333e+00	4.827745e-01
8.122380e+00	4.833274e-01
8.124427e+00	4.838148e-01
8.126475e+00	4.842381e-01
8.128522e+00	4.845987e-01
8.130569e+00	4.848982e-01
8.132616e+00	4.851379e-01
8.134664e+00	4.853193e-01
8.136711e+00	4.854437e-01
8.138758e+00	4.855126e-01
8.140805e+00	4.855272e-01
8.142853e+00	4.854889e-01
8.144900e+00	4.853991e-01
8.146947e+00	4.852590e-01
8.148995e+00	4.850699e-01
8.151042e+00	4.848330e-01
8.153089e+00	4.845497e-01
8.155136e+00	4.842210e-01
8.157184e+00	4.838483e-01
8.159231e+00	4.834327e-01
8.161278e+00	4.829753e-01
8.165417e+00	4.819277e-01
8.169556e+00	4.807233e-01
8.173695e+00	4.793709e-01
8.177834e+00	4.778789e-01
8.181973e+00	4.762556e-01
8.186113e+00	4.745087e-01
8.190252e+00	4.726457e-01
8.194391e+00	4.706738e-01
8.202669e+00	4.664304e-01
8.210947e+00	4.618294e-01
8.219225e+00	4.569170e-01
8.227503e+00	4.517349e-01
8.235573e+00	4.464594e-01
8.243642e+00	4.409937e-01
8.251712e+00	4.353654e-01
8.259781e+00	4.295988e-01
8.275920e+00	4.177346e-01
8.292059e+00	4.055454e-01
8.309386e+00	3.922277e-01
8.326712e+00	3.787831e-01
8.344039e+00	3.653146e-01
8.361366e+00	3.519256e-01
8.377497e+00	3.396352e-01
8.393628e+00	3.276324e-01
8.401693e+00	3.217835e-01
8.409759e+00	3.160647e-01
8.417824e+00	3.105010e-01
8.425890e+00	3.051201e-01
8.434751e+00	2.994568e-01
8.443612e+00	2.940988e-01
8.452473e+00	2.890987e-01
8.456904e+00	2.867508e-01
8.461335e+00	2.845146e-01
8.465765e+00	2.823987e-01
8.470196e+00	2.804115e-01
8.474626e+00	2.785625e-01
8.479057e+00	2.768610e-01
8.483488e+00	2.753172e-01
8.487918e+00	2.739412e-01
8.492349e+00	2.727441e-01
8.494564e+00	2.722161e-01
8.496779e+00	2.717371e-01
8.498929e+00	2.713204e-01
8.501079e+00	2.709526e-01
8.503230e+00	2.706352e-01
8.505380e+00	2.703694e-01
8.507530e+00	2.701569e-01
8.509680e+00	2.699990e-01
8.511830e+00	2.698973e-01
8.513980e+00	2.698532e-01
8.516130e+00	2.698683e-01
8.518280e+00	2.699442e-01
8.520430e+00	2.700823e-01
8.522580e+00	2.702844e-01
8.524730e+00	2.705520e-01
8.526880e+00	2.708868e-01
8.529030e+00	2.712905e-01
8.531180e+00	2.717647e-01
8.533330e+00	2.723112e-01
8.535480e+00	2.729316e-01
8.539781e+00	2.744015e-01
8.544081e+00	2.761886e-01
8.548381e+00	2.783072e-01
8.552681e+00	2.807719e-01
8.556981e+00	2.835979e-01
8.561281e+00	2.868002e-01
8.565581e+00	2.903942e-01
8.573196e+00	2.977674e-01
8.580810e+00	3.065053e-01
8.588425e+00	3.166966e-01
8.596039e+00	3.284307e-01
8.603653e+00	3.417970e-01
8.611268e+00	3.568847e-01
8.618882e+00	3.737820e-01
8.626497e+00	3.925753e-01
8.635348e+00	4.169157e-01
8.644199e+00	4.440567e-01
8.653051e+00	4.741152e-01
8.661902e+00	5.071954e-01
8.670753e+00	5.433847e-01
8.679605e+00	5.827484e-01
8.697307e+00	6.711040e-01
8.714562e+00	7.693092e-01
8.731817e+00	8.782213e-01
8.749071e+00	9.950250e-01
8.766326e+00	1.114507e+00
8.782247e+00	1.219906e+00
8.798168e+00	1.311239e+00
8.806129e+00	1.348286e+00
8.814090e+00	1.377806e+00
8.818070e+00	1.389372e+00
8.822050e+00	1.398645e+00
8.826030e+00	1.405525e+00
8.830011e+00	1.409939e+00
8.831977e+00	1.411194e+00
8.832960e+00	1.411590e+00
8.833943e+00	1.411832e+00
8.834926e+00	1.411919e+00
8.835909e+00	1.411852e+00
8.836892e+00	1.411631e+00
8.837875e+00	1.411255e+00
8.839841e+00	1.410042e+00
8.841807e+00	1.408218e+00
8.845739e+00	1.402757e+00
8.849671e+00	1.394936e+00
8.853603e+00	1.384842e+00
8.861467e+00	1.358288e+00
8.869331e+00	1.324170e+00
8.877195e+00	1.283742e+00
8.892923e+00	1.189269e+00
8.911177e+00	1.067783e+00
8.929430e+00	9.451716e-01
8.947684e+00	8.294220e-01
8.965937e+00	7.250024e-01
8.981867e+00	6.448011e-01
8.997797e+00	5.752741e-01
9.005762e+00	5.444994e-01
9.013727e+00	5.163299e-01
9.021692e+00	4.907043e-01
9.029657e+00	4.675496e-01
9.038527e+00	4.445687e-01
9.047398e+00	4.244256e-01
9.056269e+00	4.069874e-01
9.065140e+00	3.921155e-01
9.069575e+00	3.855972e-01
9.074011e+00	3.796667e-01
9.078446e+00	3.743056e-01
9.082882e+00	3.694957e-01
9.087317e+00	3.652186e-01
9.091752e+00	3.614559e-01
9.096188e+00	3.581894e-01
9.100623e+00	3.554008e-01
9.104346e+00	3.534157e-01
9.108070e+00	3.517439e-01
9.111793e+00	3.503750e-01
9.115516e+00	3.492983e-01
9.117378e+00	3.488664e-01
9.119239e+00	3.485036e-01
9.121101e+00	3.482088e-01
9.122962e+00	3.479806e-01
9.124824e+00	3.478178e-01
9.126686e+00	3.477192e-01
9.128547e+00	3.476834e-01
9.130409e+00	3.477094e-01
9.132270e+00	3.477957e-01
9.134132e+00	3.479413e-01
9.135994e+00	3.481450e-01
9.137855e+00	3.484054e-01
9.139717e+00	3.487215e-01
9.141578e+00	3.490921e-01
9.145302e+00	3.499921e-01
9.149025e+00	3.510962e-01
9.152748e+00	3.523954e-01
9.156471e+00	3.538811e-01
9.160194e+00	3.555446e-01
9.164804e+00	3.578379e-01
9.169413e+00	3.603756e-01
9.174022e+00	3.631428e-01
9.178632e+00	3.661252e-01
9.183241e+00	3.693088e-01
9.187850e+00	3.726804e-01
9.197069e+00	3.799369e-01
9.206287e+00	3.877989e-01
9.215506e+00	3.961790e-01
9.224725e+00	4.049981e-01
9.233943e+00	4.141850e-01
9.249194e+00	4.300246e-01
9.264445e+00	4.464537e-01
9.279696e+00	4.632729e-01
9.294947e+00	4.803216e-01
9.313365e+00	5.010342e-01
9.331784e+00	5.217114e-01
9.350202e+00	5.421972e-01
9.368620e+00	5.623445e-01
9.384970e+00	5.798180e-01
9.401321e+00	5.967664e-01
9.409496e+00	6.049940e-01
9.417671e+00	6.130256e-01
9.425846e+00	6.208341e-01
9.434022e+00	6.283889e-01
9.442313e+00	6.357571e-01
9.450605e+00	6.427895e-01
9.458896e+00	6.494422e-01
9.467188e+00	6.556664e-01
9.475479e+00	6.614086e-01
9.483771e+00	6.666099e-01
9.487916e+00	6.689881e-01
9.492062e+00	6.712067e-01
9.496208e+00	6.732571e-01
9.500354e+00	6.751301e-01
9.504466e+00	6.768036e-01
9.508579e+00	6.782835e-01
9.512692e+00	6.795601e-01
9.516805e+00	6.806232e-01
9.518862e+00	6.810714e-01
9.520918e+00	6.814623e-01
9.522975e+00	6.817945e-01
9.525031e+00	6.820667e-01
9.527087e+00	6.822775e-01
9.529144e+00	6.824254e-01
9.531200e+00	6.825090e-01
9.533257e+00	6.825269e-01
9.535313e+00	6.824775e-01
9.537370e+00	6.823596e-01
9.539426e+00	6.821714e-01
9.541483e+00	6.819116e-01
9.543539e+00	6.815786e-01
9.545595e+00	6.811709e-01
9.547652e+00	6.806869e-01
9.549708e+00	6.801251e-01
9.553821e+00	6.787615e-01
9.557934e+00	6.770675e-01
9.562047e+00	6.750298e-01
9.566160e+00	6.726354e-01
9.570131e+00	6.699725e-01
9.574102e+00	6.669524e-01
9.578073e+00	6.635628e-01
9.582045e+00	6.597913e-01
9.589987e+00	6.510529e-01
9.597929e+00	6.406368e-01
9.605871e+00	6.284420e-01
9.613814e+00	6.143677e-01
9.621756e+00	5.983141e-01
9.629698e+00	5.801828e-01
9.638483e+00	5.575941e-01
9.647267e+00	5.322225e-01
9.656052e+00	5.039520e-01
9.664836e+00	4.726770e-01
9.673620e+00	4.383054e-01
9.682405e+00	4.007662e-01
9.699974e+00	3.160256e-01
9.717373e+00	2.195423e-01
9.734773e+00	1.115614e-01
9.752173e+00	-5.423938e-03
9.769572e+00	-1.266076e-01
9.785641e+00	-2.353746e-01
9.801709e+00	-3.318852e-01
9.809743e+00	-3.721497e-01
9.817777e+00	-4.052125e-01
9.825811e+00	-4.298058e-01
9.829828e+00	-4.385986e-01
9.833845e+00	-4.449232e-01
9.835811e+00	-4.470974e-01
9.837776e+00	-4.486588e-01
9.839742e+00	-4.496039e-01
9.840725e+00	-4.498447e-01
9.841707e+00	-4.499309e-01
9.842690e+00	-4.498625e-01
9.843673e+00	-4.496398e-01
9.845639e+00	-4.487321e-01
9.847604e+00	-4.472109e-01
9.849570e+00	-4.450812e-01
9.853501e+00	-4.390250e-01
9.857432e+00	-4.306360e-01
9.865294e+00	-4.072627e-01
9.873156e+00	-3.759565e-01
9.881018e+00	-3.379339e-01
9.896742e+00	-2.470490e-01
9.913414e+00	-1.385335e-01
9.930087e+00	-2.729555e-02
9.946759e+00	7.970354e-02
9.963432e+00	1.782051e-01
9.980709e+00	2.688824e-01
9.997987e+00	3.468939e-01
1.000663e+01	3.810737e-01
1.001526e+01	4.120748e-01
1.002390e+01	4.399599e-01
1.003254e+01	4.648117e-01
1.004141e+01	4.872773e-01
1.005028e+01	5.067652e-01
1.005916e+01	5.234029e-01
1.006803e+01	5.373258e-01
1.007246e+01	5.433128e-01
1.007690e+01	5.486739e-01
1.008133e+01	5.534274e-01
1.008577e+01	5.575912e-01
1.009020e+01	5.611838e-01
1.009464e+01	5.642234e-01
1.009908e+01	5.667285e-01
1.010351e+01	5.687174e-01
1.010724e+01	5.700027e-01
1.010910e+01	5.705170e-01
1.011096e+01	5.709474e-01
1.011283e+01	5.712953e-01
1.011469e+01	5.715621e-01
1.011655e+01	5.717491e-01
1.011842e+01	5.718576e-01
1.012028e+01	5.718889e-01
1.012214e+01	5.718444e-01
1.012401e+01	5.717253e-01
1.012587e+01	5.715329e-01
1.012773e+01	5.712687e-01
1.012960e+01	5.709337e-01
1.013146e+01	5.705294e-01
1.013332e+01	5.700570e-01
1.013705e+01	5.689128e-01
1.014077e+01	5.675112e-01
1.014450e+01	5.658619e-01
1.014823e+01	5.639747e-01
1.015195e+01	5.618591e-01
1.015568e+01	5.595243e-01
1.015941e+01	5.569795e-01
1.016313e+01	5.542337e-01
1.016762e+01	5.506748e-01
1.017210e+01	5.468522e-01
1.018107e+01	5.384728e-01
1.019004e+01	5.292051e-01
1.019901e+01	5.191510e-01
1.020798e+01	5.084046e-01
1.021695e+01	4.970526e-01
1.022592e+01	4.851736e-01
1.023489e+01	4.728393e-01
1.025131e+01	4.492823e-01
1.026774e+01	4.247463e-01
1.028416e+01	3.995026e-01
1.030058e+01	3.737669e-01
1.033248e+01	3.229934e-01
1.036438e+01	2.719831e-01
1.038271e+01	2.429150e-01
1.040104e+01	2.142684e-01
1.041937e+01	1.862977e-01
1.043769e+01	1.593301e-01
1.044605e+01	1.474752e-01
1.045441e+01	1.359618e-01
1.046277e+01	1.248422e-01
1.047113e+01	1.141737e-01
1.047948e+01	1.040197e-01
1.048784e+01	9.444859e-02
1.049620e+01	8.553479e-02
1.050456e+01	7.735856e-02
1.051230e+01	7.051812e-02
1.052004e+01	6.445591e-02
1.052391e+01	6.174029e-02
1.052778e+01	5.924808e-02
1.053165e+01	5.698938e-02
1.053552e+01	5.497442e-02
1.053940e+01	5.321367e-02
1.054327e+01	5.171778e-02
1.054714e+01	5.049759e-02
1.054907e+01	4.999432e-02
1.055101e+01	4.956412e-02
1.055294e+01	4.920839e-02
1.055488e+01	4.892853e-02
1.055681e+01	4.872596e-02
1.055875e+01	4.860210e-02
1.056068e+01	4.855839e-02
1.056262e+01	4.859626e-02
1.056455e+01	4.871715e-02
1.056649e+01	4.892252e-02
1.056863e+01	4.924913e-02
1.057076e+01	4.968245e-02
1.057290e+01	5.022446e-02
1.057504e+01	5.087713e-02
1.057717e+01	5.164244e-02
1.057931e+01	5.252236e-02
1.058358e+01	5.463403e-02
1.058786e+01	5.722805e-02
1.059213e+01	6.032038e-02
1.059640e+01	6.392693e-02
1.060068e+01	6.806353e-02
1.060495e+01	7.274590e-02
1.060923e+01	7.798966e-02
1.061777e+01	9.022282e-02
1.062632e+01	1.048838e-01
1.063487e+01	1.220888e-01
1.064350e+01	1.421686e-01
1.065214e+01	1.650616e-01
1.066078e+01	1.908610e-01
1.066941e+01	2.196441e-01
1.067805e+01	2.514694e-01
1.068668e+01	2.863724e-01
1.070396e+01	3.653741e-01
1.072010e+01	4.498505e-01
1.073625e+01	5.432591e-01
1.075240e+01	6.429826e-01
1.076854e+01	7.445337e-01
1.078447e+01	8.397782e-01
1.079244e+01	8.828117e-01
1.080040e+01	9.210763e-01
1.080837e+01	9.532352e-01
1.081633e+01	9.780030e-01
1.082032e+01	9.872550e-01
1.082430e+01	9.942589e-01
1.082828e+01	9.989186e-01
1.083027e+01	1.000346e+00
1.083127e+01	1.000831e+00
1.083226e+01	1.001162e+00
1.083337e+01	1.001350e+00
1.083448e+01	1.001347e+00
1.083559e+01	1.001152e+00
1.083670e+01	1.000764e+00
1.083891e+01	9.994127e-01
1.084113e+01	9.972933e-01
1.084556e+01	9.907706e-01
1.084999e+01	9.812579e-01
1.085443e+01	9.688583e-01
1.085886e+01	9.537107e-01
1.086773e+01	9.158772e-01
1.087659e+01	8.693858e-01
1.088546e+01	8.160731e-01
1.090319e+01	6.963208e-01
1.091989e+01	5.770392e-01
1.093659e+01	4.596720e-01
1.095330e+01	3.493219e-01
1.097000e+01	2.488555e-01
1.098762e+01	1.550286e-01
1.100524e+01	7.410211e-02
1.101405e+01	3.840240e-02
1.102286e+01	5.779972e-03
1.103167e+01	-2.386374e-02
1.104048e+01	-5.064064e-02
1.104799e+01	-7.127350e-02
1.105549e+01	-8.999503e-02
1.106299e+01	-1.068872e-01
1.107050e+01	-1.220336e-01
1.107800e+01	-1.355195e-01
1.108550e+01	-1.474298e-01
1.109301e+01	-1.578501e-01
1.110051e+01	-1.668651e-01
1.110510e+01	-1.717272e-01
1.110970e+01	-1.761130e-01
1.111429e+01	-1.800412e-01
1.111888e+01	-1.835304e-01
1.112348e+01	-1.865989e-01
1.112807e+01	-1.892647e-01
1.113267e+01	-1.915454e-01
1.113726e+01	-1.934583e-01
1.113956e+01	-1.942822e-01
1.114185e+01	-1.950204e-01
1.114415e+01	-1.956750e-01
1.114645e+01	-1.962482e-01
1.114874e+01	-1.967418e-01
1.115104e+01	-1.971579e-01
1.115334e+01	-1.974984e-01
1.115564e+01	-1.977652e-01
1.115793e+01	-1.979602e-01
1.116023e+01	-1.980854e-01
1.116253e+01	-1.981426e-01
1.116482e+01	-1.981335e-01
1.116712e+01	-1.980600e-01
1.116942e+01	-1.979239e-01
1.117171e+01	-1.977268e-01
1.117401e+01	-1.974704e-01
1.117588e+01	-1.972195e-01
1.117775e+01	-1.969314e-01
1.117961e+01	-1.966069e-01
1.118148e+01	-1.962470e-01
1.118522e+01	-1.954243e-01
1.118895e+01	-1.944698e-01
1.119269e+01	-1.933900e-01
1.119642e+01	-1.921911e-01
1.120016e+01	-1.908790e-01
1.120389e+01	-1.894594e-01
1.120763e+01	-1.879381e-01
1.121136e+01	-1.863205e-01
1.121510e+01	-1.846119e-01
1.121883e+01	-1.828171e-01
1.122630e+01	-1.789883e-01
1.123377e+01	-1.748707e-01
1.124233e+01	-1.698443e-01
1.125088e+01	-1.645297e-01
1.125944e+01	-1.589694e-01
1.126799e+01	-1.532022e-01
1.127655e+01	-1.472630e-01
1.128510e+01	-1.411844e-01
1.130221e+01	-1.287267e-01
1.131850e+01	-1.166540e-01
1.133480e+01	-1.045552e-01
1.135109e+01	-9.260346e-02
1.135924e+01	-8.673935e-02
1.136739e+01	-8.098229e-02
1.137620e+01	-7.490482e-02
1.138501e+01	-6.902012e-02
1.139383e+01	-6.336795e-02
1.140264e+01	-5.799195e-02
1.141146e+01	-5.294024e-02
1.142027e+01	-4.826557e-02
1.142468e+01	-4.608749e-02
1.142909e+01	-4.402584e-02
1.143349e+01	-4.208875e-02
1.143790e+01	-4.028474e-02
1.144226e+01	-3.863940e-02
1.144662e+01	-3.714178e-02
1.145098e+01	-3.580119e-02
1.145534e+01	-3.462730e-02
1.145752e+01	-3.410601e-02
1.145970e+01	-3.363022e-02
1.146188e+01	-3.320124e-02
1.146406e+01	-3.282037e-02
1.146624e+01	-3.248894e-02
1.146842e+01	-3.220835e-02
1.147060e+01	-3.197999e-02
1.147278e+01	-3.180530e-02
1.147496e+01	-3.168573e-02
1.147714e+01	-3.162275e-02
1.147932e+01	-3.161787e-02
1.148150e+01	-3.167261e-02
1.148368e+01	-3.178853e-02
1.148587e+01	-3.196722e-02
1.148805e+01	-3.221025e-02
1.149023e+01	-3.251918e-02
1.149241e+01	-3.289565e-02
1.149459e+01	-3.334130e-02
1.149677e+01	-3.385779e-02
1.149895e+01	-3.444681e-02
1.150331e+01	-3.584928e-02
1.150767e+01	-3.756262e-02
1.151180e+01	-3.948767e-02
1.151594e+01	-4.171737e-02
1.152007e+01	-4.426431e-02
1.152421e+01	-4.714126e-02
1.152834e+01	-5.036122e-02
1.153248e+01	-5.393726e-02
1.153662e+01	-5.788259e-02
1.154075e+01	-6.221062e-02
1.154902e+01	-7.206913e-02
1.155729e+01	-8.362203e-02
1.156556e+01	-9.697943e-02
1.157383e+01	-1.122519e-01
1.158146e+01	-1.281235e-01
1.158909e+01	-1.458008e-01
1.159671e+01	-1.653666e-01
1.160434e+01	-1.869004e-01
1.161196e+01	-2.104786e-01
1.161959e+01	-2.361713e-01
1.163484e+01	-2.941472e-01
1.165249e+01	-3.726277e-01
1.167015e+01	-4.634643e-01
1.168780e+01	-5.660951e-01
1.170545e+01	-6.787154e-01
1.172235e+01	-7.924321e-01
1.173926e+01	-9.061251e-01
1.175616e+01	-1.011102e+00
1.176461e+01	-1.056841e+00
1.177306e+01	-1.096020e+00
1.178103e+01	-1.125604e+00
1.178899e+01	-1.146916e+00
1.179298e+01	-1.154196e+00
1.179696e+01	-1.159120e+00
1.179895e+01	-1.160683e+00
1.180095e+01	-1.161641e+00
1.180194e+01	-1.161893e+00
1.180294e+01	-1.161994e+00
1.180393e+01	-1.161942e+00
1.180493e+01	-1.161739e+00
1.180692e+01	-1.160880e+00
1.180891e+01	-1.159418e+00
1.181290e+01	-1.154713e+00
1.181688e+01	-1.147679e+00
1.182087e+01	-1.138402e+00
1.182884e+01	-1.113551e+00
1.183680e+01	-1.081197e+00
1.184501e+01	-1.041346e+00
1.185321e+01	-9.962721e-01
1.186962e+01	-8.959979e-01
1.188603e+01	-7.902081e-01
1.190243e+01	-6.861778e-01
1.191961e+01	-5.842600e-01
1.193679e+01	-4.925381e-01
1.195397e+01	-4.124782e-01
1.196256e+01	-3.769836e-01
1.197115e+01	-3.445086e-01
1.198005e+01	-3.140027e-01
1.198895e+01	-2.866190e-01
1.199785e+01	-2.622643e-01
1.200675e+01	-2.408302e-01
1.201565e+01	-2.221964e-01
1.202454e+01	-2.062342e-01
1.203344e+01	-1.928086e-01
1.203789e+01	-1.870035e-01
1.204234e+01	-1.817801e-01
1.204633e+01	-1.775824e-01
1.205031e+01	-1.738238e-01
1.205429e+01	-1.704914e-01
1.205828e+01	-1.675725e-01
1.206226e+01	-1.650541e-01
1.206625e+01	-1.629233e-01
1.207023e+01	-1.611674e-01
1.207421e+01	-1.597738e-01
1.207621e+01	-1.592089e-01
1.207820e+01	-1.587298e-01
1.208019e+01	-1.583349e-01
1.208218e+01	-1.580228e-01
1.208417e+01	-1.577919e-01
1.208616e+01	-1.576406e-01
1.208816e+01	-1.575675e-01
1.209015e+01	-1.575709e-01
1.209214e+01	-1.576495e-01
1.209413e+01	-1.578017e-01
1.209612e+01	-1.580259e-01
1.209812e+01	-1.583209e-01
1.210011e+01	-1.586850e-01
1.210210e+01	-1.591169e-01
1.210409e+01	-1.596151e-01
1.210608e+01	-1.601781e-01
1.211056e+01	-1.616715e-01
1.211503e+01	-1.634693e-01
1.211950e+01	-1.655560e-01
1.212397e+01	-1.679168e-01
1.212845e+01	-1.705371e-01
1.213292e+01	-1.734027e-01
1.213739e+01	-1.765000e-01
1.214186e+01	-1.798157e-01
1.215081e+01	-1.870509e-01
1.215975e+01	-1.950107e-01
1.216870e+01	-2.036046e-01
1.217764e+01	-2.127486e-01
1.218598e+01	-2.217055e-01
1.219433e+01	-2.310171e-01
1.220267e+01	-2.406311e-01
1.221101e+01	-2.504998e-01
1.222770e+01	-2.708301e-01
1.224438e+01	-2.917026e-01
1.226008e+01	-3.116086e-01
1.227579e+01	-3.315806e-01
1.229149e+01	-3.514489e-01
1.230719e+01	-3.710499e-01
1.232431e+01	-3.919240e-01
1.234144e+01	-4.120378e-01
1.235000e+01	-4.217241e-01
1.235856e+01	-4.311117e-01
1.236713e+01	-4.401572e-01
1.237569e+01	-4.488131e-01
1.238366e+01	-4.564746e-01
1.239163e+01	-4.637076e-01
1.239960e+01	-4.704628e-01
1.240757e+01	-4.766866e-01
1.241554e+01	-4.823212e-01
1.241952e+01	-4.848985e-01
1.242351e+01	-4.873050e-01
1.242749e+01	-4.895322e-01
1.243148e+01	-4.915716e-01
1.243546e+01	-4.934143e-01
1.243945e+01	-4.950511e-01
1.244393e+01	-4.966354e-01
1.244618e+01	-4.973209e-01
1.244842e+01	-4.979331e-01
1.245066e+01	-4.984701e-01
1.245290e+01	-4.989301e-01
1.245515e+01	-4.993113e-01
1.245739e+01	-4.996118e-01
1.245963e+01	-4.998298e-01
1.246188e+01	-4.999633e-01
1.246300e+01	-4.999978e-01
1.246412e+01	-5.000105e-01
1.246524e+01	-5.000012e-01
1.246636e+01	-4.999695e-01
1.246860e+01	-4.998381e-01
1.247085e+01	-4.996146e-01
1.247309e+01	-4.992968e-01
1.247533e+01	-4.988828e-01
1.247757e+01	-4.983706e-01
1.247982e+01	-4.977581e-01
1.248206e+01	-4.970432e-01
1.248430e+01	-4.962238e-01
1.248879e+01	-4.942633e-01
1.249327e+01	-4.918598e-01
1.249776e+01	-4.889962e-01
1.250224e+01	-4.856550e-01
1.250673e+01	-4.818191e-01
1.251121e+01	-4.774709e-01
1.251888e+01	-4.688075e-01
1.252654e+01	-4.585100e-01
1.253420e+01	-4.464907e-01
1.254186e+01	-4.326630e-01
1.254953e+01	-4.169416e-01
1.255719e+01	-3.992435e-01
1.256485e+01	-3.794888e-01
1.257251e+01	-3.576019e-01
1.258170e+01	-3.284612e-01
1.259088e+01	-2.960502e-01
1.260007e+01	-2.602825e-01
1.260925e+01	-2.210988e-01
1.262762e+01	-1.324343e-01
1.264599e+01	-3.052362e-02
1.266098e+01	6.128874e-02
1.267597e+01	1.587575e-01
1.269097e+01	2.585254e-01
1.270596e+01	3.555032e-01
1.271515e+01	4.106496e-01
1.272435e+01	4.602525e-01
1.273354e+01	5.023013e-01
1.274273e+01	5.348459e-01
1.274733e+01	5.470141e-01
1.275192e+01	5.562120e-01
1.275652e+01	5.623095e-01
1.275882e+01	5.641666e-01
1.275997e+01	5.647941e-01
1.276112e+01	5.652205e-01
1.276226e+01	5.654437e-01
1.276341e+01	5.654654e-01
1.276456e+01	5.652850e-01
1.276571e+01	5.649024e-01
1.276801e+01	5.635330e-01
1.277031e+01	5.613634e-01
1.277490e+01	5.546599e-01
1.277950e+01	5.448934e-01
1.278765e+01	5.204933e-01
1.279581e+01	4.879775e-01
1.280396e+01	4.486389e-01
1.281212e+01	4.038804e-01
1.282842e+01	3.036428e-01
1.284473e+01	1.972090e-01
1.286140e+01	8.980219e-02
1.287806e+01	-1.105751e-02
1.289473e+01	-1.023433e-01
1.291139e+01	-1.825566e-01
1.291949e+01	-2.173871e-01
1.292760e+01	-2.494675e-01
1.293571e+01	-2.788228e-01
1.294381e+01	-3.054992e-01
1.295192e+01	-3.295581e-01
1.296002e+01	-3.510738e-01
1.296813e+01	-3.701297e-01
1.297623e+01	-3.868172e-01
1.298466e+01	-4.017600e-01
1.299308e+01	-4.143608e-01
1.299730e+01	-4.198194e-01
1.300151e+01	-4.247366e-01
1.300573e+01	-4.291274e-01
1.300994e+01	-4.330069e-01
1.301415e+01	-4.363901e-01
1.301837e+01	-4.392922e-01
1.302258e+01	-4.417283e-01
1.302679e+01	-4.437135e-01
1.302890e+01	-4.445417e-01
1.303101e+01	-4.452628e-01
1.303311e+01	-4.458786e-01
1.303522e+01	-4.463911e-01
1.303733e+01	-4.468020e-01
1.303943e+01	-4.471132e-01
1.304154e+01	-4.473266e-01
1.304365e+01	-4.474439e-01
1.304475e+01	-4.474676e-01
1.304585e+01	-4.474659e-01
1.304695e+01	-4.474390e-01
1.304805e+01	-4.473873e-01
1.305024e+01	-4.472100e-01
1.305244e+01	-4.469362e-01
1.305464e+01	-4.465678e-01
1.305684e+01	-4.461069e-01
1.305904e+01	-4.455553e-01
1.306124e+01	-4.449151e-01
1.306564e+01	-4.433765e-01
1.307004e+01	-4.415062e-01
1.307443e+01	-4.393194e-01
1.307883e+01	-4.368306e-01
1.308323e+01	-4.340541e-01
1.308763e+01	-4.310039e-01
1.309203e+01	-4.276936e-01
1.309643e+01	-4.241363e-01
1.310522e+01	-4.163317e-01
1.311402e+01	-4.076879e-01
1.312220e+01	-3.989775e-01
1.313038e+01	-3.896889e-01
1.313856e+01	-3.798856e-01
1.314674e+01	-3.696265e-01
1.315492e+01	-3.589660e-01
1.316309e+01	-3.479540e-01
1.317945e+01	-3.250559e-01
1.319601e+01	-3.009615e-01
1.321257e+01	-2.762293e-01
1.322913e+01	-2.511063e-01
1.324569e+01	-2.258153e-01
1.326300e+01	-1.994223e-01
1.328032e+01	-1.733296e-01
1.329763e+01	-1.478130e-01
1.331495e+01	-1.231909e-01
1.332287e+01	-1.123176e-01
1.333080e+01	-1.017513e-01
1.333873e+01	-9.153632e-02
1.334665e+01	-8.172111e-02
1.335458e+01	-7.235803e-02
1.336251e+01	-6.350361e-02
1.337043e+01	-5.521829e-02
1.337836e+01	-4.756665e-02
1.338665e+01	-4.031631e-02
1.339080e+01	-3.700527e-02
1.339494e+01	-3.391801e-02
1.339909e+01	-3.106583e-02
1.340323e+01	-2.846010e-02
1.340738e+01	-2.611267e-02
1.341152e+01	-2.403547e-02
1.341567e+01	-2.224075e-02
1.341981e+01	-2.074104e-02
1.342189e+01	-2.010577e-02
1.342396e+01	-1.954895e-02
1.342603e+01	-1.907234e-02
1.342811e+01	-1.867744e-02
1.343018e+01	-1.836597e-02
1.343225e+01	-1.813960e-02
1.343432e+01	-1.799994e-02
1.343536e+01	-1.796316e-02
1.343640e+01	-1.794871e-02
1.343847e+01	-1.798760e-02
1.344054e+01	-1.811827e-02
1.344261e+01	-1.834251e-02
1.344469e+01	-1.866192e-02
1.344690e+01	-1.911042e-02
1.344912e+01	-1.967169e-02
1.345133e+01	-2.034781e-02
1.345355e+01	-2.114098e-02
1.345798e+01	-2.308680e-02
1.346241e+01	-2.552612e-02
1.346683e+01	-2.847599e-02
1.347126e+01	-3.195344e-02
1.347569e+01	-3.597542e-02
1.348012e+01	-4.055894e-02
1.348455e+01	-4.572075e-02
1.348898e+01	-5.147733e-02
1.349784e+01	-6.484054e-02
1.350670e+01	-8.077652e-02
1.351556e+01	-9.940752e-02
1.352329e+01	-1.179451e-01
1.353101e+01	-1.386875e-01
1.353874e+01	-1.616957e-01
1.354647e+01	-1.870212e-01
1.356192e+01	-2.447588e-01
1.357737e+01	-3.119882e-01
1.359480e+01	-3.988020e-01
1.361223e+01	-4.958335e-01
1.362967e+01	-6.000284e-01
1.364710e+01	-7.059568e-01
1.366341e+01	-7.991669e-01
1.367156e+01	-8.406927e-01
1.367972e+01	-8.770822e-01
1.368787e+01	-9.069839e-01
1.369603e+01	-9.291359e-01
1.370011e+01	-9.369666e-01
1.370418e+01	-9.424869e-01
1.370622e+01	-9.443542e-01
1.370826e+01	-9.456160e-01
1.370928e+01	-9.460176e-01
1.371030e+01	-9.462655e-01
1.371132e+01	-9.463591e-01
1.371234e+01	-9.462982e-01
1.371337e+01	-9.460787e-01
1.371440e+01	-9.457004e-01
1.371647e+01	-9.444671e-01
1.371853e+01	-9.426000e-01
1.372060e+01	-9.401016e-01
1.372472e+01	-9.332317e-01
1.372885e+01	-9.239160e-01
1.373711e+01	-8.983230e-01
1.374537e+01	-8.642893e-01
1.375362e+01	-8.230590e-01
1.376188e+01	-7.760223e-01
1.377839e+01	-6.701733e-01
1.379552e+01	-5.527358e-01
1.381266e+01	-4.361090e-01
1.382979e+01	-3.259834e-01
1.384692e+01	-2.256016e-01
1.386378e+01	-1.378324e-01
1.388064e+01	-6.146171e-02
1.388908e+01	-2.751731e-02
1.389751e+01	3.668223e-03
1.390594e+01	3.217150e-02
1.391437e+01	5.808379e-02
1.392280e+01	8.149293e-02
1.393123e+01	1.025155e-01
1.393965e+01	1.212640e-01
1.394808e+01	1.378489e-01
1.395651e+01	1.523886e-01
1.396494e+01	1.650011e-01
1.397337e+01	1.758013e-01
1.398179e+01	1.849051e-01
1.398568e+01	1.885616e-01
1.398956e+01	1.918919e-01
1.399344e+01	1.949089e-01
1.399733e+01	1.976237e-01
1.400121e+01	2.000461e-01
1.400509e+01	2.021872e-01
1.400897e+01	2.040571e-01
1.401286e+01	2.056640e-01
1.401674e+01	2.070223e-01
1.402062e+01	2.081375e-01
1.402256e+01	2.086074e-01
1.402451e+01	2.090223e-01
1.402645e+01	2.093805e-01
1.402839e+01	2.096846e-01
1.403033e+01	2.099363e-01
1.403227e+01	2.101347e-01
1.403421e+01	2.102816e-01
1.403616e+01	2.103813e-01
1.403810e+01	2.104293e-01
1.404004e+01	2.104305e-01
1.404198e+01	2.103856e-01
1.404392e+01	2.102952e-01
1.404616e+01	2.101352e-01
1.404840e+01	2.099188e-01
1.405064e+01	2.096450e-01
1.405289e+01	2.093172e-01
1.405513e+01	2.089362e-01
1.405737e+01	2.085038e-01
1.405961e+01	2.080212e-01
1.406185e+01	2.074900e-01
1.406633e+01	2.062872e-01
1.407082e+01	2.049067e-01
1.407530e+01	2.033589e-01
1.407978e+01	2.016541e-01
1.408426e+01	1.998028e-01
1.408875e+01	1.978139e-01
1.409323e+01	1.956966e-01
1.409771e+01	1.934602e-01
1.410220e+01	1.911129e-01
1.410668e+01	1.886630e-01
1.411564e+01	1.834867e-01
1.412399e+01	1.783758e-01
1.413235e+01	1.730328e-01
1.414070e+01	1.674988e-01
1.414905e+01	1.618144e-01
1.416575e+01	1.501409e-01
1.418245e+01	1.382955e-01
1.419825e+01	1.271824e-01
1.420614e+01	1.217316e-01
1.421404e+01	1.163909e-01
1.422194e+01	1.111914e-01
1.422983e+01	1.061658e-01
1.423773e+01	1.013485e-01
1.424563e+01	9.677633e-02
1.425402e+01	9.223017e-02
1.425821e+01	9.009281e-02
1.426241e+01	8.805510e-02
1.426660e+01	8.612212e-02
1.427080e+01	8.430275e-02
1.427499e+01	8.260388e-02
1.427918e+01	8.103285e-02
1.428338e+01	7.959817e-02
1.428757e+01	7.830625e-02
1.429177e+01	7.716830e-02
1.429596e+01	7.618933e-02
1.429806e+01	7.576308e-02
1.430016e+01	7.538160e-02
1.430226e+01	7.504359e-02
1.430435e+01	7.475418e-02
1.430645e+01	7.450945e-02
1.430855e+01	7.431122e-02
1.431065e+01	7.416637e-02
1.431274e+01	7.407213e-02
1.431495e+01	7.402968e-02
1.431717e+01	7.404460e-02
1.431938e+01	7.412109e-02
1.432159e+01	7.426072e-02
1.432380e+01	7.446338e-02
1.432601e+01	7.473393e-02
1.432822e+01	7.507253e-02
1.433043e+01	7.547851e-02
1.433264e+01	7.595437e-02
1.433486e+01	7.650402e-02
1.433707e+01	7.712624e-02
1.433928e+01	7.782548e-02
1.434370e+01	7.945836e-02
1.434812e+01	8.141423e-02
1.435255e+01	8.371046e-02
1.435697e+01	8.636060e-02
1.436139e+01	8.938159e-02
1.436581e+01	9.278193e-02
1.437024e+01	9.658403e-02
1.437466e+01	1.008008e-01
1.437908e+01	1.054490e-01
1.438350e+01	1.105432e-01
1.439160e+01	1.210788e-01
1.439969e+01	1.332606e-01
1.440779e+01	1.471983e-01
1.441588e+01	1.629839e-01
1.442397e+01	1.807128e-01
1.443207e+01	2.004910e-01
1.444016e+01	2.224069e-01
1.444826e+01	2.465514e-01
1.445645e+01	2.733398e-01
1.446464e+01	3.025817e-01
1.447283e+01	3.343235e-01
1.448103e+01	3.686218e-01
1.449741e+01	4.450170e-01
1.451380e+01	5.316703e-01
1.453043e+01	6.293739e-01
1.454706e+01	7.349841e-01
1.456370e+01	8.450028e-01
1.458033e+01	9.535898e-01
1.459808e+01	1.058315e+00
1.460696e+01	1.102481e+00
1.461583e+01	1.138908e+00
1.462027e+01	1.153728e+00
1.462471e+01	1.166057e+00
1.462915e+01	1.175739e+00
1.463358e+01	1.182677e+00
1.463580e+01	1.185087e+00
1.463802e+01	1.186780e+00
1.463913e+01	1.187358e+00
1.464024e+01	1.187754e+00
1.464135e+01	1.187973e+00
1.464246e+01	1.188010e+00
1.464357e+01	1.187863e+00
1.464468e+01	1.187548e+00
1.464690e+01	1.186361e+00
1.464911e+01	1.184469e+00
1.465133e+01	1.181872e+00
1.465523e+01	1.175632e+00
1.465914e+01	1.167331e+00
1.466694e+01	1.144884e+00
1.467474e+01	1.115468e+00
1.468255e+01	1.080132e+00
1.469815e+01	9.963602e-01
1.471376e+01	9.025512e-01
1.473059e+01	7.986062e-01
1.474741e+01	6.982709e-01
1.476424e+01	6.056599e-01
1.478107e+01	5.231234e-01
1.478946e+01	4.860940e-01
1.479784e+01	4.518672e-01
1.480623e+01	4.204720e-01
1.481461e+01	3.918585e-01
1.482300e+01	3.659970e-01
1.483138e+01	3.428193e-01
1.483977e+01	3.222447e-01
1.484815e+01	3.041832e-01
1.485649e+01	2.886142e-01
1.486483e+01	2.753298e-01
1.487317e+01	2.642242e-01
1.487734e+01	2.594526e-01
1.488151e+01	2.551828e-01
1.488568e+01	2.514020e-01
1.488985e+01	2.480933e-01
1.489402e+01	2.452456e-01
1.489819e+01	2.428411e-01
1.490236e+01	2.408692e-01
1.490652e+01	2.393091e-01
1.490861e+01	2.386851e-01
1.491069e+01	2.381553e-01
1.491278e+01	2.377279e-01
1.491486e+01	2.373913e-01
1.491706e+01	2.371379e-01
1.491926e+01	2.369895e-01
1.492035e+01	2.369532e-01
1.492145e+01	2.369379e-01
1.492255e+01	2.369497e-01
1.492365e+01	2.369858e-01
1.492584e+01	2.371281e-01
1.492804e+01	2.373646e-01
1.493023e+01	2.376927e-01
1.493243e+01	2.381125e-01
1.493463e+01	2.386160e-01
1.493682e+01	2.392077e-01
1.493902e+01	2.398831e-01
1.494121e+01	2.406408e-01
1.494561e+01	2.423956e-01
1.495000e+01	2.444539e-01
1.495439e+01	2.468078e-01
1.495878e+01	2.494355e-01
1.496317e+01	2.523301e-01
1.496756e+01	2.554705e-01
1.497196e+01	2.588498e-01
1.497635e+01	2.624517e-01
1.498513e+01	2.702795e-01
1.499315e+01	2.780807e-01
1.500116e+01	2.864374e-01
1.500917e+01	2.952887e-01
1.501718e+01	3.045718e-01
1.502520e+01	3.142366e-01
1.503321e+01	3.242259e-01
1.504924e+01	3.450004e-01
1.506692e+01	3.688080e-01
1.508461e+01	3.931514e-01
1.510229e+01	4.176622e-01
1.511998e+01	4.420122e-01
1.513625e+01	4.639809e-01
1.515252e+01	4.852592e-01
1.516065e+01	4.955501e-01
1.516879e+01	5.055537e-01
1.517693e+01	5.152313e-01
1.518506e+01	5.245313e-01
1.519355e+01	5.337900e-01
1.520204e+01	5.425286e-01
1.521053e+01	5.506741e-01
1.521903e+01	5.581747e-01
1.522752e+01	5.649377e-01
1.523176e+01	5.680234e-01
1.523601e+01	5.708978e-01
1.524025e+01	5.735468e-01
1.524450e+01	5.759652e-01
1.524875e+01	5.781337e-01
1.525299e+01	5.800454e-01
1.525690e+01	5.815640e-01
1.526080e+01	5.828498e-01
1.526275e+01	5.833988e-01
1.526470e+01	5.838941e-01
1.526665e+01	5.843107e-01
1.526860e+01	5.846730e-01
1.527056e+01	5.849714e-01
1.527251e+01	5.851879e-01
1.527446e+01	5.853480e-01
1.527641e+01	5.854337e-01
1.527836e+01	5.854442e-01
1.528031e+01	5.853916e-01
1.528227e+01	5.852445e-01
1.528422e+01	5.850413e-01
1.528617e+01	5.847492e-01
1.528812e+01	5.843881e-01
1.529007e+01	5.839497e-01
1.529202e+01	5.834248e-01
1.529593e+01	5.821382e-01
1.529983e+01	5.805014e-01
1.530373e+01	5.785034e-01
1.530764e+01	5.761521e-01
1.531154e+01	5.734353e-01
1.531544e+01	5.703157e-01
1.531957e+01	5.666185e-01
1.532369e+01	5.624318e-01
1.532782e+01	5.577964e-01
1.533195e+01	5.526781e-01
1.534020e+01	5.409360e-01
1.534845e+01	5.271037e-01
1.535670e+01	5.110733e-01
1.536495e+01	4.927758e-01
1.537321e+01	4.720947e-01
1.538146e+01	4.489419e-01
1.539017e+01	4.217402e-01
1.539887e+01	3.916295e-01
1.540758e+01	3.585459e-01
1.541629e+01	3.224720e-01
1.543371e+01	2.412947e-01
1.545113e+01	1.486761e-01
1.546812e+01	4.878760e-02
1.548512e+01	-5.735650e-02
1.550212e+01	-1.644420e-01
1.551912e+01	-2.643513e-01
1.552713e+01	-3.059740e-01
1.553515e+01	-3.423724e-01
1.554317e+01	-3.722851e-01
1.555119e+01	-3.945793e-01
1.555520e+01	-4.025732e-01
1.555921e+01	-4.083349e-01
1.556121e+01	-4.103566e-01
1.556321e+01	-4.118025e-01
1.556522e+01	-4.126624e-01
1.556622e+01	-4.128726e-01
1.556722e+01	-4.129359e-01
1.556823e+01	-4.128518e-01
1.556923e+01	-4.126212e-01
1.557123e+01	-4.117191e-01
1.557324e+01	-4.102326e-01
1.557524e+01	-4.081638e-01
1.557925e+01	-4.023048e-01
1.558326e+01	-3.942095e-01
1.559183e+01	-3.697658e-01
1.560040e+01	-3.366123e-01
1.560898e+01	-2.960974e-01
1.561755e+01	-2.498001e-01
1.563469e+01	-1.459368e-01
1.565184e+01	-3.589154e-02
1.566952e+01	7.549333e-02
1.568719e+01	1.791704e-01
1.570487e+01	2.719941e-01
1.571371e+01	3.138389e-01
1.572255e+01	3.525274e-01
1.573796e+01	4.123921e-01
1.574566e+01	4.387590e-01
1.575336e+01	4.628049e-01
1.576107e+01	4.845861e-01
1.576877e+01	5.041679e-01
1.577648e+01	5.216292e-01
1.578418e+01	5.370299e-01
1.579251e+01	5.514742e-01
1.580084e+01	5.637260e-01
1.580500e+01	5.690753e-01
1.580916e+01	5.738952e-01
1.581333e+01	5.782437e-01
1.581749e+01	5.821106e-01
1.582166e+01	5.854955e-01
1.582582e+01	5.884325e-01
1.582998e+01	5.909470e-01
1.583415e+01	5.930377e-01
1.583831e+01	5.947193e-01
1.584039e+01	5.954135e-01
1.584248e+01	5.960009e-01
1.584456e+01	5.964959e-01
1.584664e+01	5.969044e-01
1.584872e+01	5.972131e-01
1.585080e+01	5.974312e-01
1.585297e+01	5.975717e-01
1.585406e+01	5.975999e-01
1.585514e+01	5.976173e-01
1.585731e+01	5.975645e-01
1.585948e+01	5.974283e-01
1.586165e+01	5.971987e-01
1.586382e+01	5.968772e-01
1.586599e+01	5.964845e-01
1.586816e+01	5.960010e-01
1.587033e+01	5.954357e-01
1.587250e+01	5.947856e-01
1.587684e+01	5.932687e-01
1.588118e+01	5.914406e-01
1.588552e+01	5.893335e-01
1.588986e+01	5.869617e-01
1.589420e+01	5.843176e-01
1.589854e+01	5.814395e-01
1.590288e+01	5.783245e-01
1.591156e+01	5.714374e-01
1.592024e+01	5.637396e-01
1.592903e+01	5.552209e-01
1.593782e+01	5.460631e-01
1.594661e+01	5.363062e-01
1.595540e+01	5.260607e-01
1.596419e+01	5.153891e-01
1.597298e+01	5.043271e-01
1.599057e+01	4.813274e-01
1.600710e+01	4.589446e-01
1.602363e+01	4.361402e-01
1.604016e+01	4.131921e-01
1.605669e+01	3.904250e-01
1.607320e+01	3.681615e-01
1.608971e+01	3.467157e-01
1.609797e+01	3.364089e-01
1.610623e+01	3.264537e-01
1.611448e+01	3.168907e-01
1.612274e+01	3.077921e-01
1.613082e+01	2.993959e-01
1.613889e+01	2.915661e-01
1.614697e+01	2.843569e-01
1.615505e+01	2.778509e-01
1.615908e+01	2.748864e-01
1.616312e+01	2.721143e-01
1.616716e+01	2.695645e-01
1.617120e+01	2.672348e-01
1.617524e+01	2.651389e-01
1.617927e+01	2.632864e-01
1.618331e+01	2.616927e-01
1.618735e+01	2.603546e-01
1.618957e+01	2.597410e-01
1.619179e+01	2.592116e-01
1.619401e+01	2.587721e-01
1.619623e+01	2.584217e-01
1.619844e+01	2.581549e-01
1.620066e+01	2.579851e-01
1.620177e+01	2.579309e-01
1.620288e+01	2.579093e-01
1.620399e+01	2.579202e-01
1.620510e+01	2.579371e-01
1.620732e+01	2.580587e-01
1.620954e+01	2.582836e-01
1.621175e+01	2.586077e-01
1.621397e+01	2.590314e-01
1.621619e+01	2.595833e-01
1.621841e+01	2.602289e-01
1.622063e+01	2.609880e-01
1.622285e+01	2.618472e-01
1.622728e+01	2.639522e-01
1.623172e+01	2.665264e-01
1.623616e+01	2.695846e-01
1.624060e+01	2.731579e-01
1.624503e+01	2.772494e-01
1.624947e+01	2.818951e-01
1.625391e+01	2.870834e-01
1.625834e+01	2.928754e-01
1.626588e+01	3.040343e-01
1.627341e+01	3.169934e-01
1.628094e+01	3.318155e-01
1.628848e+01	3.485707e-01
1.629601e+01	3.672635e-01
1.630354e+01	3.880324e-01
1.631108e+01	4.108748e-01
1.631861e+01	4.358575e-01
1.632713e+01	4.667730e-01
1.633565e+01	5.004251e-01
1.635270e+01	5.760428e-01
1.636974e+01	6.620771e-01
1.638678e+01	7.568339e-01
1.640359e+01	8.553686e-01
1.642041e+01	9.538968e-01
1.643722e+01	1.044428e+00
1.644563e+01	1.083571e+00
1.645403e+01	1.116793e+00
1.646263e+01	1.143203e+00
1.646693e+01	1.153138e+00
1.647123e+01	1.160721e+00
1.647552e+01	1.165837e+00
1.647767e+01	1.167441e+00
1.647982e+01	1.168400e+00
1.648090e+01	1.168632e+00
1.648197e+01	1.168707e+00
1.648304e+01	1.168614e+00
1.648412e+01	1.168360e+00
1.648627e+01	1.167357e+00
1.648842e+01	1.165694e+00
1.649272e+01	1.160427e+00
1.649701e+01	1.152592e+00
1.650131e+01	1.142270e+00
1.650561e+01	1.129545e+00
1.651421e+01	1.097536e+00
1.652280e+01	1.057774e+00
1.653830e+01	9.712008e-01
1.655381e+01	8.728495e-01
1.656931e+01	7.703844e-01
1.658481e+01	6.693354e-01
1.660261e+01	5.600740e-01
1.662040e+01	4.610994e-01
1.663820e+01	3.739144e-01
1.665599e+01	2.990143e-01
1.666430e+01	2.681666e-01
1.667260e+01	2.399006e-01
1.668091e+01	2.141152e-01
1.668921e+01	1.906844e-01
1.669752e+01	1.695915e-01
1.670582e+01	1.506856e-01
1.671413e+01	1.338774e-01
1.672243e+01	1.190563e-01
1.673081e+01	1.060253e-01
1.673919e+01	9.478742e-02
1.674338e+01	8.981822e-02
1.674757e+01	8.525264e-02
1.675176e+01	8.108419e-02
1.675595e+01	7.730189e-02
1.676014e+01	7.388170e-02
1.676432e+01	7.081239e-02
1.676851e+01	6.809144e-02
1.677270e+01	6.569913e-02
1.677689e+01	6.361907e-02
1.678108e+01	6.184379e-02
1.678527e+01	6.037745e-02
1.678946e+01	5.916381e-02
1.679155e+01	5.867205e-02
1.679364e+01	5.823403e-02
1.679573e+01	5.786084e-02
1.679783e+01	5.754528e-02
1.679992e+01	5.730401e-02
1.680201e+01	5.710671e-02
1.680410e+01	5.697214e-02
1.680619e+01	5.690702e-02
1.680828e+01	5.688170e-02
1.681037e+01	5.691978e-02
1.681247e+01	5.700985e-02
1.681456e+01	5.715048e-02
1.681665e+01	5.733284e-02
1.681874e+01	5.756925e-02
1.682083e+01	5.785110e-02
1.682292e+01	5.818141e-02
1.682502e+01	5.855930e-02
1.682711e+01	5.897274e-02
1.683129e+01	5.992399e-02
1.683547e+01	6.106111e-02
1.683966e+01	6.232124e-02
1.684384e+01	6.374734e-02
1.684802e+01	6.528520e-02
1.685220e+01	6.696128e-02
1.685639e+01	6.877094e-02
1.686047e+01	7.062555e-02
1.686455e+01	7.256199e-02
1.687270e+01	7.672352e-02
1.688086e+01	8.121515e-02
1.688902e+01	8.593970e-02
1.689718e+01	9.086861e-02
1.690533e+01	9.598462e-02
1.691349e+01	1.011986e-01
1.692165e+01	1.065210e-01
1.693925e+01	1.180366e-01
1.694804e+01	1.237199e-01
1.695684e+01	1.293225e-01
1.696564e+01	1.347481e-01
1.697444e+01	1.399662e-01
1.698323e+01	1.449163e-01
1.699203e+01	1.495416e-01
1.699620e+01	1.515974e-01
1.700036e+01	1.535706e-01
1.700453e+01	1.554315e-01
1.700869e+01	1.572017e-01
1.701286e+01	1.588369e-01
1.701702e+01	1.603449e-01
1.702119e+01	1.617389e-01
1.702535e+01	1.630012e-01
1.702952e+01	1.640969e-01
1.703368e+01	1.650570e-01
1.703576e+01	1.654707e-01
1.703785e+01	1.658453e-01
1.703993e+01	1.661704e-01
1.704201e+01	1.664663e-01
1.704409e+01	1.667018e-01
1.704617e+01	1.668993e-01
1.704826e+01	1.670427e-01
1.705034e+01	1.671355e-01
1.705242e+01	1.671898e-01
1.705450e+01	1.671920e-01
1.705659e+01	1.671295e-01
1.705867e+01	1.670242e-01
1.706068e+01	1.668662e-01
1.706270e+01	1.666534e-01
1.706471e+01	1.663880e-01
1.706673e+01	1.660686e-01
1.706874e+01	1.656814e-01
1.707076e+01	1.652565e-01
1.707277e+01	1.647671e-01
1.707479e+01	1.642028e-01
1.707881e+01	1.629147e-01
1.708284e+01	1.613775e-01
1.708687e+01	1.595547e-01
1.709090e+01	1.574671e-01
1.709493e+01	1.550919e-01
1.709896e+01	1.524072e-01
1.710299e+01	1.494367e-01
1.710702e+01	1.461230e-01
1.711105e+01	1.424950e-01
1.711508e+01	1.384895e-01
1.712313e+01	1.294641e-01
1.713149e+01	1.185143e-01
1.713984e+01	1.058062e-01
1.714819e+01	9.123921e-02
1.715655e+01	7.477077e-02
1.716490e+01	5.623779e-02
1.717325e+01	3.554438e-02
1.718160e+01	1.260063e-02
1.718996e+01	-1.268686e-02
1.719842e+01	-4.080481e-02
1.720689e+01	-7.149529e-02
1.721536e+01	-1.048452e-01
1.722383e+01	-1.408479e-01
1.724076e+01	-2.210338e-01
1.725770e+01	-3.117061e-01
1.727432e+01	-4.099580e-01
1.729095e+01	-5.151696e-01
1.730757e+01	-6.232351e-01
1.732419e+01	-7.280639e-01
1.734081e+01	-8.207446e-01
1.734912e+01	-8.593786e-01
1.735743e+01	-8.911110e-01
1.736158e+01	-9.040352e-01
1.736573e+01	-9.147800e-01
1.736989e+01	-9.232932e-01
1.737404e+01	-9.294842e-01
1.737612e+01	-9.316816e-01
1.737820e+01	-9.332770e-01
1.738027e+01	-9.342679e-01
1.738131e+01	-9.345362e-01
1.738235e+01	-9.346525e-01
1.738339e+01	-9.346189e-01
1.738443e+01	-9.344338e-01
1.738650e+01	-9.336119e-01
1.738858e+01	-9.321977e-01
1.739066e+01	-9.301851e-01
1.739469e+01	-9.246233e-01
1.739872e+01	-9.169210e-01
1.740678e+01	-8.955362e-01
1.741483e+01	-8.669595e-01
1.742289e+01	-8.323125e-01
1.743901e+01	-7.496611e-01
1.745513e+01	-6.569278e-01
1.747292e+01	-5.520846e-01
1.749071e+01	-4.516747e-01
1.750851e+01	-3.601640e-01
1.752630e+01	-2.799112e-01
1.753480e+01	-2.458727e-01
1.754329e+01	-2.146629e-01
1.755179e+01	-1.862741e-01
1.756029e+01	-1.606718e-01
1.756879e+01	-1.378002e-01
1.757729e+01	-1.175870e-01
1.758578e+01	-9.994662e-02
1.759428e+01	-8.478331e-02
1.760247e+01	-7.241727e-02
1.761066e+01	-6.215892e-02
1.761476e+01	-5.778876e-02
1.761885e+01	-5.390749e-02
1.762295e+01	-5.050204e-02
1.762704e+01	-4.755926e-02
1.763114e+01	-4.506612e-02
1.763523e+01	-4.300937e-02
1.763933e+01	-4.137565e-02
1.764138e+01	-4.071337e-02
1.764342e+01	-4.015191e-02
1.764547e+01	-3.968961e-02
1.764752e+01	-3.932483e-02
1.764957e+01	-3.905596e-02
1.765161e+01	-3.888135e-02
1.765366e+01	-3.879936e-02
1.765571e+01	-3.880836e-02
1.765776e+01	-3.890674e-02
1.765980e+01	-3.909288e-02
1.766181e+01	-3.935888e-02
1.766382e+01	-3.970610e-02
1.766582e+01	-4.013305e-02
1.766783e+01	-4.063824e-02
1.767184e+01	-4.187742e-02
1.767585e+01	-4.341191e-02
1.767987e+01	-4.523015e-02
1.768388e+01	-4.732076e-02
1.768789e+01	-4.967252e-02
1.769190e+01	-5.227440e-02
1.769592e+01	-5.511555e-02
1.769993e+01	-5.818538e-02
1.770796e+01	-6.496968e-02
1.771598e+01	-7.254674e-02
1.772401e+01	-8.083965e-02
1.773236e+01	-9.015255e-02
1.774071e+01	-1.000838e-01
1.774906e+01	-1.105599e-01
1.775742e+01	-1.215117e-01
1.776577e+01	-1.328742e-01
1.777412e+01	-1.445860e-01
1.779083e+01	-1.688313e-01
1.780791e+01	-1.943872e-01
1.782498e+01	-2.203150e-01
1.784206e+01	-2.462304e-01
1.785914e+01	-2.717589e-01
1.787556e+01	-2.955856e-01
1.789199e+01	-3.183335e-01
1.790020e+01	-3.291793e-01
1.790841e+01	-3.396016e-01
1.791662e+01	-3.495426e-01
1.792483e+01	-3.589414e-01
1.793346e+01	-3.681595e-01
1.794209e+01	-3.766280e-01
1.795071e+01	-3.842622e-01
1.795502e+01	-3.877388e-01
1.795934e+01	-3.909730e-01
1.796365e+01	-3.939528e-01
1.796796e+01	-3.966661e-01
1.797228e+01	-3.991004e-01
1.797659e+01	-4.012431e-01
1.798090e+01	-4.030809e-01
1.798522e+01	-4.046009e-01
1.798737e+01	-4.052374e-01
1.798953e+01	-4.057893e-01
1.799169e+01	-4.062550e-01
1.799384e+01	-4.066327e-01
1.799579e+01	-4.068963e-01
1.799773e+01	-4.070856e-01
1.799967e+01	-4.071994e-01
1.800162e+01	-4.072363e-01
1.800356e+01	-4.071950e-01
1.800551e+01	-4.070743e-01
1.800745e+01	-4.068728e-01
1.800940e+01	-4.065891e-01
1.801134e+01	-4.062220e-01
1.801329e+01	-4.057701e-01
1.801523e+01	-4.052320e-01
1.801717e+01	-4.046064e-01
1.802106e+01	-4.030875e-01
1.802495e+01	-4.012025e-01
1.802884e+01	-3.989404e-01
1.803273e+01	-3.962904e-01
1.803662e+01	-3.932418e-01
1.804051e+01	-3.897834e-01
1.804439e+01	-3.859047e-01
1.804828e+01	-3.815948e-01
1.805606e+01	-3.716389e-01
1.806537e+01	-3.572887e-01
1.807467e+01	-3.401495e-01
1.808397e+01	-3.200891e-01
1.809328e+01	-2.969858e-01
1.810258e+01	-2.707319e-01
1.811189e+01	-2.412368e-01
1.812119e+01	-2.084362e-01
1.813050e+01	-1.722955e-01
1.814654e+01	-1.021741e-01
1.816259e+01	-2.263300e-02
1.817863e+01	6.510899e-02
1.819468e+01	1.586953e-01
1.821030e+01	2.517053e-01
1.822593e+01	3.410248e-01
1.824156e+01	4.192800e-01
1.824937e+01	4.515849e-01
1.825719e+01	4.778890e-01
1.826171e+01	4.899713e-01
1.826623e+01	4.995517e-01
1.827074e+01	5.064938e-01
1.827300e+01	5.089405e-01
1.827526e+01	5.106904e-01
1.827752e+01	5.117358e-01
1.827865e+01	5.119927e-01
1.827978e+01	5.120717e-01
1.828091e+01	5.119724e-01
1.828204e+01	5.116946e-01
1.828430e+01	5.106042e-01
1.828656e+01	5.088023e-01
1.828882e+01	5.062933e-01
1.829334e+01	4.991836e-01
1.829786e+01	4.893570e-01
1.830237e+01	4.769297e-01
1.831141e+01	4.448838e-01
1.832045e+01	4.044863e-01
1.832949e+01	3.574045e-01
1.834608e+01	2.592625e-01
1.836267e+01	1.538991e-01
1.837926e+01	4.931142e-02
1.839585e+01	-5.008379e-02
1.841163e+01	-1.365399e-01
1.842740e+01	-2.138974e-01
1.844318e+01	-2.815926e-01
1.845895e+01	-3.395844e-01
1.846780e+01	-3.679797e-01
1.847666e+01	-3.934880e-01
1.848551e+01	-4.162074e-01
1.849436e+01	-4.362461e-01
1.850322e+01	-4.537209e-01
1.851207e+01	-4.687547e-01
1.852092e+01	-4.814742e-01
1.852535e+01	-4.870060e-01
1.852978e+01	-4.920082e-01
1.853402e+01	-4.963194e-01
1.853826e+01	-5.001730e-01
1.854250e+01	-5.035834e-01
1.854674e+01	-5.065649e-01
1.855099e+01	-5.091315e-01
1.855523e+01	-5.112975e-01
1.855947e+01	-5.130680e-01
1.856159e+01	-5.138255e-01
1.856371e+01	-5.144829e-01
1.856583e+01	-5.150504e-01
1.856795e+01	-5.155299e-01
1.857007e+01	-5.159229e-01
1.857219e+01	-5.162287e-01
1.857432e+01	-5.164562e-01
1.857644e+01	-5.165999e-01
1.857856e+01	-5.166637e-01
1.858068e+01	-5.166493e-01
1.858280e+01	-5.165583e-01
1.858492e+01	-5.163923e-01
1.858704e+01	-5.161529e-01
1.858916e+01	-5.158414e-01
1.859128e+01	-5.154599e-01
1.859340e+01	-5.150096e-01
1.859553e+01	-5.144918e-01
1.859765e+01	-5.139084e-01
1.860160e+01	-5.126508e-01
1.860555e+01	-5.111797e-01
1.860950e+01	-5.095037e-01
1.861346e+01	-5.076326e-01
1.861741e+01	-5.055752e-01
1.862136e+01	-5.033397e-01
1.862531e+01	-5.009351e-01
1.862926e+01	-4.983692e-01
1.863717e+01	-4.927867e-01
1.864507e+01	-4.866537e-01
1.865298e+01	-4.800251e-01
1.866088e+01	-4.729712e-01
1.866936e+01	-4.649736e-01
1.867785e+01	-4.565988e-01
1.868633e+01	-4.479056e-01
1.869481e+01	-4.389574e-01
1.871177e+01	-4.204737e-01
1.872874e+01	-4.015796e-01
1.874549e+01	-3.829024e-01
1.876225e+01	-3.645984e-01
1.877063e+01	-3.557125e-01
1.877901e+01	-3.470741e-01
1.878738e+01	-3.387396e-01
1.879576e+01	-3.307689e-01
1.880373e+01	-3.235803e-01
1.881169e+01	-3.168290e-01
1.881966e+01	-3.105806e-01
1.882763e+01	-3.048869e-01
1.883161e+01	-3.022719e-01
1.883560e+01	-2.998217e-01
1.883958e+01	-2.975454e-01
1.884356e+01	-2.954523e-01
1.884755e+01	-2.935503e-01
1.885153e+01	-2.918451e-01
1.885551e+01	-2.903529e-01
1.885950e+01	-2.890805e-01
1.886157e+01	-2.885090e-01
1.886365e+01	-2.879987e-01
1.886573e+01	-2.875624e-01
1.886780e+01	-2.871779e-01
1.886988e+01	-2.868689e-01
1.887195e+01	-2.866377e-01
1.887403e+01	-2.864611e-01
1.887611e+01	-2.863654e-01
1.887818e+01	-2.863436e-01
1.888026e+01	-2.863974e-01
1.888234e+01	-2.865282e-01
1.888441e+01	-2.867443e-01
1.888649e+01	-2.870275e-01
1.888856e+01	-2.874123e-01
1.889064e+01	-2.878646e-01
1.889272e+01	-2.883928e-01
1.889479e+01	-2.890186e-01
1.889687e+01	-2.897391e-01
1.890102e+01	-2.914304e-01
1.890517e+01	-2.935195e-01
1.890933e+01	-2.959535e-01
1.891348e+01	-2.988190e-01
1.891763e+01	-3.020614e-01
1.892178e+01	-3.057472e-01
1.892594e+01	-3.098663e-01
1.893437e+01	-3.196332e-01
1.894281e+01	-3.313615e-01
1.895125e+01	-3.451561e-01
1.895969e+01	-3.610895e-01
1.896813e+01	-3.793568e-01
1.897657e+01	-3.999501e-01
1.898500e+01	-4.229858e-01
1.899344e+01	-4.485257e-01
1.900261e+01	-4.791998e-01
1.901177e+01	-5.129113e-01
1.902093e+01	-5.497909e-01
1.903010e+01	-5.897048e-01
1.904843e+01	-6.783203e-01
1.906675e+01	-7.770561e-01
1.908198e+01	-8.645942e-01
1.909720e+01	-9.533396e-01
1.911243e+01	-1.038401e+00
1.912765e+01	-1.113273e+00
1.913628e+01	-1.148305e+00
1.914491e+01	-1.176228e+00
1.914923e+01	-1.187105e+00
1.915354e+01	-1.195755e+00
1.915786e+01	-1.202089e+00
1.916002e+01	-1.204338e+00
1.916218e+01	-1.205987e+00
1.916433e+01	-1.206992e+00
1.916541e+01	-1.207266e+00
1.916649e+01	-1.207382e+00
1.916757e+01	-1.207347e+00
1.916865e+01	-1.207142e+00
1.916973e+01	-1.206790e+00
1.917081e+01	-1.206271e+00
1.917296e+01	-1.204774e+00
1.917512e+01	-1.202649e+00
1.917944e+01	-1.196541e+00
1.918375e+01	-1.188041e+00
1.918807e+01	-1.177152e+00
1.919670e+01	-1.148931e+00
1.920503e+01	-1.114385e+00
1.921336e+01	-1.073776e+00
1.923002e+01	-9.798761e-01
1.924667e+01	-8.771055e-01
1.926333e+01	-7.730638e-01
1.928087e+01	-6.682674e-01
1.929841e+01	-5.720494e-01
1.931595e+01	-4.865446e-01
1.933349e+01	-4.124403e-01
1.934170e+01	-3.816382e-01
1.934992e+01	-3.533065e-01
1.935813e+01	-3.274230e-01
1.936634e+01	-3.038887e-01
1.937456e+01	-2.826215e-01
1.938277e+01	-2.635221e-01
1.939099e+01	-2.465442e-01
1.939920e+01	-2.315316e-01
1.940772e+01	-2.179374e-01
1.941625e+01	-2.062928e-01
1.942051e+01	-2.011487e-01
1.942477e+01	-1.964510e-01
1.942903e+01	-1.921679e-01
1.943329e+01	-1.882988e-01
1.943755e+01	-1.848242e-01
1.944181e+01	-1.817284e-01
1.944607e+01	-1.790035e-01
1.945033e+01	-1.766297e-01
1.945459e+01	-1.745980e-01
1.945886e+01	-1.728881e-01
1.946099e+01	-1.721573e-01
1.946312e+01	-1.715018e-01
1.946525e+01	-1.709133e-01
1.946738e+01	-1.704072e-01
1.946939e+01	-1.699823e-01
1.947140e+01	-1.696344e-01
1.947342e+01	-1.693500e-01
1.947543e+01	-1.691138e-01
1.947744e+01	-1.689441e-01
1.947946e+01	-1.688196e-01
1.948147e+01	-1.687694e-01
1.948348e+01	-1.687620e-01
1.948549e+01	-1.688109e-01
1.948751e+01	-1.689230e-01
1.948952e+01	-1.690744e-01
1.949153e+01	-1.692651e-01
1.949355e+01	-1.695276e-01
1.949556e+01	-1.698233e-01
1.949757e+01	-1.701815e-01
1.949958e+01	-1.705675e-01
1.950361e+01	-1.714766e-01
1.950764e+01	-1.725867e-01
1.951166e+01	-1.738081e-01
1.951569e+01	-1.751905e-01
1.951971e+01	-1.767233e-01
1.952374e+01	-1.783961e-01
1.952777e+01	-1.801834e-01
1.953179e+01	-1.821360e-01
1.953985e+01	-1.862300e-01
1.954791e+01	-1.907373e-01
1.955596e+01	-1.956009e-01
1.956402e+01	-2.007117e-01
1.957208e+01	-2.060171e-01
1.958014e+01	-2.114806e-01
1.959625e+01	-2.227540e-01
1.961417e+01	-2.353772e-01
1.962314e+01	-2.415554e-01
1.963210e+01	-2.476260e-01
1.964106e+01	-2.533808e-01
1.965002e+01	-2.588842e-01
1.965899e+01	-2.640265e-01
1.966347e+01	-2.664348e-01
1.966795e+01	-2.687559e-01
1.967200e+01	-2.707050e-01
1.967605e+01	-2.725699e-01
1.968010e+01	-2.743026e-01
1.968416e+01	-2.759111e-01
1.968821e+01	-2.773581e-01
1.969226e+01	-2.786896e-01
1.969631e+01	-2.798809e-01
1.970036e+01	-2.808874e-01
1.970239e+01	-2.813629e-01
1.970442e+01	-2.817593e-01
1.970644e+01	-2.821151e-01
1.970847e+01	-2.824498e-01
1.971049e+01	-2.826987e-01
1.971252e+01	-2.829351e-01
1.971455e+01	-2.831086e-01
1.971657e+01	-2.832363e-01
1.971860e+01	-2.833135e-01
1.972062e+01	-2.833467e-01
1.972265e+01	-2.833120e-01
1.972468e+01	-2.832292e-01
1.972670e+01	-2.830916e-01
1.972873e+01	-2.829030e-01
1.973075e+01	-2.826509e-01
1.973278e+01	-2.823349e-01
1.973492e+01	-2.819508e-01
1.973706e+01	-2.814850e-01
1.973920e+01	-2.809464e-01
1.974134e+01	-2.803492e-01
1.974562e+01	-2.789193e-01
1.974990e+01	-2.771736e-01
1.975418e+01	-2.751318e-01
1.975846e+01	-2.727312e-01
1.976274e+01	-2.700207e-01
1.976702e+01	-2.669332e-01
1.977129e+01	-2.634503e-01
1.977557e+01	-2.596386e-01
1.977985e+01	-2.553924e-01
1.978413e+01	-2.507534e-01
1.979269e+01	-2.401286e-01
1.980125e+01	-2.278105e-01
1.980733e+01	-2.177604e-01
1.981341e+01	-2.067608e-01
1.981949e+01	-1.946923e-01
1.982557e+01	-1.815785e-01
1.983773e+01	-1.519943e-01
1.984989e+01	-1.175378e-01
1.986205e+01	-7.802155e-02
1.987421e+01	-3.306447e-02
1.988637e+01	1.705883e-02
1.989854e+01	7.261193e-02
1.991070e+01	1.336030e-01
1.992286e+01	1.995306e-01
1.994718e+01	3.443464e-01
1.995934e+01	4.208773e-01
1.997150e+01	4.973656e-01
1.999582e+01	6.393122e-01
2.000000e+01	6.609825e-01
