0.000000e+00	3.200000e+00
2.090301e-03	3.200004e+00
4.180602e-03	3.200016e+00
7.987233e-03	3.200058e+00
1.179386e-02	3.200127e+00
1.560050e-02	3.200223e+00
1.940713e-02	3.200345e+00
2.321376e-02	3.200494e+00
2.702039e-02	3.200670e+00
3.082702e-02	3.200873e+00
3.463365e-02	3.201104e+00
3.844028e-02	3.201362e+00
4.224691e-02	3.201648e+00
4.605354e-02	3.201962e+00
4.986017e-02	3.202304e+00
5.366681e-02	3.202675e+00
5.747344e-02	3.203073e+00
6.128007e-02	3.203501e+00
6.508670e-02	3.203958e+00
6.958104e-02	3.204535e+00
7.407537e-02	3.205154e+00
7.856971e-02	3.205814e+00
8.306405e-02	3.206517e+00
8.755838e-02	3.207263e+00
9.205272e-02	3.208052e+00
9.654706e-02	3.208886e+00
1.010414e-01	3.209764e+00
1.055357e-01	3.210688e+00
1.100301e-01	3.211658e+00
1.145244e-01	3.212675e+00
1.190187e-01	3.213740e+00
1.235131e-01	3.214853e+00
1.280074e-01	3.216015e+00
1.325018e-01	3.217227e+00
1.369961e-01	3.218490e+00
1.409075e-01	3.219632e+00
1.448189e-01	3.220813e+00
1.487303e-01	3.222035e+00
1.526417e-01	3.223298e+00
1.565531e-01	3.224602e+00
1.604645e-01	3.225950e+00
1.643759e-01	3.227340e+00
1.682873e-01	3.228774e+00
1.721987e-01	3.230253e+00
1.761101e-01	3.231778e+00
1.800215e-01	3.233348e+00
1.839329e-01	3.234966e+00
1.878443e-01	3.236631e+00
1.917557e-01	3.238346e+00
1.956671e-01	3.240109e+00
1.995785e-01	3.241924e+00
2.039632e-01	3.244019e+00
2.083479e-01	3.246179e+00
2.127326e-01	3.248407e+00
2.171173e-01	3.250704e+00
2.215020e-01	3.253071e+00
2.258867e-01	3.255509e+00
2.302714e-01	3.258021e+00
2.346561e-01	3.260607e+00
2.390407e-01	3.263269e+00
2.434254e-01	3.266010e+00
2.478101e-01	3.268830e+00
2.521948e-01	3.271731e+00
2.565795e-01	3.274715e+00
2.609642e-01	3.277784e+00
2.653489e-01	3.280940e+00
2.697336e-01	3.284185e+00
2.737513e-01	3.287237e+00
2.777691e-01	3.290368e+00
2.817868e-01	3.293577e+00
2.858045e-01	3.296867e+00
2.898222e-01	3.300240e+00
2.938400e-01	3.303696e+00
2.978577e-01	3.307239e+00
3.018754e-01	3.310869e+00
3.058932e-01	3.314588e+00
3.099109e-01	3.318399e+00
3.139286e-01	3.322302e+00
3.179464e-01	3.326301e+00
3.219641e-01	3.330396e+00
3.259818e-01	3.334591e+00
3.299996e-01	3.338886e+00
3.340173e-01	3.343284e+00
3.382151e-01	3.347991e+00
3.424130e-01	3.352815e+00
3.508087e-01	3.362825e+00
3.550065e-01	3.368015e+00
3.592044e-01	3.373333e+00
3.634022e-01	3.378780e+00
3.676000e-01	3.384360e+00
3.759957e-01	3.395930e+00
3.843914e-01	3.408063e+00
3.927871e-01	3.420784e+00
4.011828e-01	3.434117e+00
4.095347e-01	3.448013e+00
4.178866e-01	3.462564e+00
4.262384e-01	3.477797e+00
4.345903e-01	3.493738e+00
4.429422e-01	3.510415e+00
4.512941e-01	3.527855e+00
4.596460e-01	3.546086e+00
4.679979e-01	3.565138e+00
4.767881e-01	3.586109e+00
4.855784e-01	3.608055e+00
4.943686e-01	3.631011e+00
5.031588e-01	3.655012e+00
5.119491e-01	3.680093e+00
5.207393e-01	3.706288e+00
5.295295e-01	3.733632e+00
5.383198e-01	3.762160e+00
5.462808e-01	3.789045e+00
5.542419e-01	3.816953e+00
5.622029e-01	3.845907e+00
5.701640e-01	3.875931e+00
5.781250e-01	3.907048e+00
5.860861e-01	3.939281e+00
5.940471e-01	3.972652e+00
6.020081e-01	4.007181e+00
6.105949e-01	4.045748e+00
6.191817e-01	4.085712e+00
6.277684e-01	4.127100e+00
6.363552e-01	4.169936e+00
6.449419e-01	4.214245e+00
6.535287e-01	4.260053e+00
6.621154e-01	4.307385e+00
6.707022e-01	4.356267e+00
6.792970e-01	4.406775e+00
6.878918e-01	4.458893e+00
6.964865e-01	4.512653e+00
7.050813e-01	4.568088e+00
7.136761e-01	4.625233e+00
7.222708e-01	4.684128e+00
7.308656e-01	4.744815e+00
7.394604e-01	4.807337e+00
7.554167e-01	4.928443e+00
7.713730e-01	5.056371e+00
7.873293e-01	5.191457e+00
8.032857e-01	5.334004e+00
8.190022e-01	5.481892e+00
8.347187e-01	5.637170e+00
8.504352e-01	5.799407e+00
8.661516e-01	5.967598e+00
8.846988e-01	6.171365e+00
9.032460e-01	6.377069e+00
9.217932e-01	6.580262e+00
9.403404e-01	6.777042e+00
9.560999e-01	6.937198e+00
9.718594e-01	7.089945e+00
9.876189e-01	7.234981e+00
1.003378e+00	7.372359e+00
1.019086e+00	7.501910e+00
1.034794e+00	7.624424e+00
1.050502e+00	7.740245e+00
1.066210e+00	7.849703e+00
1.075207e+00	7.909641e+00
1.084203e+00	7.967641e+00
1.093199e+00	8.023749e+00
1.102195e+00	8.078010e+00
1.111191e+00	8.130463e+00
1.120187e+00	8.181146e+00
1.129183e+00	8.230095e+00
1.138179e+00	8.277342e+00
1.146231e+00	8.318212e+00
1.154283e+00	8.357767e+00
1.162335e+00	8.396027e+00
1.170386e+00	8.433014e+00
1.178438e+00	8.468749e+00
1.186490e+00	8.503252e+00
1.194542e+00	8.536544e+00
1.202594e+00	8.568648e+00
1.211347e+00	8.602222e+00
1.220100e+00	8.634443e+00
1.228853e+00	8.665341e+00
1.237606e+00	8.694943e+00
1.246358e+00	8.723279e+00
1.255111e+00	8.750377e+00
1.263864e+00	8.776269e+00
1.272617e+00	8.800983e+00
1.280384e+00	8.821952e+00
1.288152e+00	8.842039e+00
1.295919e+00	8.861263e+00
1.303686e+00	8.879647e+00
1.311453e+00	8.897210e+00
1.319220e+00	8.913973e+00
1.326987e+00	8.929956e+00
1.334754e+00	8.945178e+00
1.343209e+00	8.960906e+00
1.351663e+00	8.975779e+00
1.355891e+00	8.982902e+00
1.360118e+00	8.989820e+00
1.368572e+00	9.003054e+00
1.372800e+00	9.009374e+00
1.377027e+00	9.015500e+00
1.381254e+00	9.021435e+00
1.385482e+00	9.027181e+00
1.389709e+00	9.032741e+00
1.393936e+00	9.038116e+00
1.398163e+00	9.043310e+00
1.402391e+00	9.048325e+00
1.406709e+00	9.053264e+00
1.411028e+00	9.058021e+00
1.415346e+00	9.062598e+00
1.419665e+00	9.066996e+00
1.423983e+00	9.071219e+00
1.428302e+00	9.075267e+00
1.432620e+00	9.079143e+00
1.436938e+00	9.082849e+00
1.441257e+00	9.086386e+00
1.445575e+00	9.089756e+00
1.449894e+00	9.092962e+00
1.454212e+00	9.096004e+00
1.458531e+00	9.098884e+00
1.462849e+00	9.101603e+00
1.467168e+00	9.104163e+00
1.471486e+00	9.106565e+00
1.475614e+00	9.108714e+00
1.479741e+00	9.110722e+00
1.483869e+00	9.112588e+00
1.487997e+00	9.114313e+00
1.490060e+00	9.115123e+00
1.492124e+00	9.115899e+00
1.496252e+00	9.117346e+00
1.498315e+00	9.118018e+00
1.500379e+00	9.118655e+00
1.502443e+00	9.119258e+00
1.504507e+00	9.119826e+00
1.506571e+00	9.120360e+00
1.508634e+00	9.120860e+00
1.510698e+00	9.121326e+00
1.512762e+00	9.121758e+00
1.514826e+00	9.122164e+00
1.516890e+00	9.122528e+00
1.518953e+00	9.122858e+00
1.521017e+00	9.123154e+00
1.523081e+00	9.123416e+00
1.525145e+00	9.123644e+00
1.527209e+00	9.123839e+00
1.529272e+00	9.124000e+00
1.531336e+00	9.124127e+00
1.533400e+00	9.124220e+00
1.535464e+00	9.124280e+00
1.537528e+00	9.124306e+00
1.539621e+00	9.124297e+00
1.541714e+00	9.124254e+00
1.543807e+00	9.124177e+00
1.545900e+00	9.124065e+00
1.547993e+00	9.123918e+00
1.550086e+00	9.123736e+00
1.552179e+00	9.123519e+00
1.554272e+00	9.123268e+00
1.556365e+00	9.122982e+00
1.558458e+00	9.122662e+00
1.560551e+00	9.122306e+00
1.562644e+00	9.121915e+00
1.564737e+00	9.121490e+00
1.566830e+00	9.121029e+00
1.568923e+00	9.120534e+00
1.571016e+00	9.120003e+00
1.573109e+00	9.119437e+00
1.575202e+00	9.118836e+00
1.577295e+00	9.118200e+00
1.579388e+00	9.117528e+00
1.581481e+00	9.116821e+00
1.583574e+00	9.116078e+00
1.585667e+00	9.115300e+00
1.587760e+00	9.114486e+00
1.591946e+00	9.112751e+00
1.596132e+00	9.110871e+00
1.600318e+00	9.108846e+00
1.604504e+00	9.106676e+00
1.608729e+00	9.104336e+00
1.612955e+00	9.101846e+00
1.617180e+00	9.099203e+00
1.621406e+00	9.096408e+00
1.625631e+00	9.093458e+00
1.629857e+00	9.090352e+00
1.634082e+00	9.087089e+00
1.638308e+00	9.083667e+00
1.642533e+00	9.080085e+00
1.646759e+00	9.076341e+00
1.650984e+00	9.072433e+00
1.655210e+00	9.068359e+00
1.659435e+00	9.064119e+00
1.663661e+00	9.059709e+00
1.667886e+00	9.055128e+00
1.672112e+00	9.050373e+00
1.676528e+00	9.045217e+00
1.680943e+00	9.039868e+00
1.685359e+00	9.034322e+00
1.689775e+00	9.028576e+00
1.694191e+00	9.022629e+00
1.698607e+00	9.016477e+00
1.703022e+00	9.010118e+00
1.707438e+00	9.003549e+00
1.711854e+00	8.996766e+00
1.716270e+00	8.989768e+00
1.720685e+00	8.982549e+00
1.725101e+00	8.975108e+00
1.733933e+00	8.959546e+00
1.738348e+00	8.951418e+00
1.742764e+00	8.943054e+00
1.750908e+00	8.926999e+00
1.759052e+00	8.910107e+00
1.767196e+00	8.892358e+00
1.775340e+00	8.873727e+00
1.783485e+00	8.854192e+00
1.791629e+00	8.833728e+00
1.799773e+00	8.812313e+00
1.807917e+00	8.789922e+00
1.816272e+00	8.765912e+00
1.824627e+00	8.740823e+00
1.832981e+00	8.714630e+00
1.841336e+00	8.687306e+00
1.849691e+00	8.658827e+00
1.858046e+00	8.629166e+00
1.866401e+00	8.598300e+00
1.874756e+00	8.566202e+00
1.883391e+00	8.531707e+00
1.892027e+00	8.495845e+00
1.900662e+00	8.458589e+00
1.909297e+00	8.419913e+00
1.917933e+00	8.379790e+00
1.926568e+00	8.338194e+00
1.935203e+00	8.295100e+00
1.943839e+00	8.250478e+00
1.951728e+00	8.208353e+00
1.959618e+00	8.164908e+00
1.975397e+00	8.073965e+00
1.983287e+00	8.026417e+00
1.991176e+00	7.977449e+00
1.999066e+00	7.927033e+00
2.006955e+00	7.875136e+00
2.023703e+00	7.759911e+00
2.040452e+00	7.637517e+00
2.057200e+00	7.507572e+00
2.073948e+00	7.369673e+00
2.089766e+00	7.231789e+00
2.105584e+00	7.086259e+00
2.121403e+00	6.933070e+00
2.137221e+00	6.772582e+00
2.155646e+00	6.577711e+00
2.174070e+00	6.376876e+00
2.192495e+00	6.173912e+00
2.210920e+00	5.973123e+00
2.227513e+00	5.797308e+00
2.244105e+00	5.628275e+00
2.260698e+00	5.467108e+00
2.277291e+00	5.314221e+00
2.293754e+00	5.170692e+00
2.310217e+00	5.035048e+00
2.326680e+00	4.906946e+00
2.343143e+00	4.786029e+00
2.351442e+00	4.727694e+00
2.359740e+00	4.671058e+00
2.368039e+00	4.616085e+00
2.376337e+00	4.562739e+00
2.392934e+00	4.460807e+00
2.401232e+00	4.412165e+00
2.409531e+00	4.365036e+00
2.417755e+00	4.319600e+00
2.425980e+00	4.275811e+00
2.434204e+00	4.233443e+00
2.442428e+00	4.192475e+00
2.450653e+00	4.152888e+00
2.458877e+00	4.114663e+00
2.467101e+00	4.077779e+00
2.475326e+00	4.042217e+00
2.483543e+00	4.007988e+00
2.491759e+00	3.975039e+00
2.499976e+00	3.943348e+00
2.508193e+00	3.912895e+00
2.516409e+00	3.883658e+00
2.524626e+00	3.855614e+00
2.532843e+00	3.828742e+00
2.541060e+00	3.803018e+00
2.549352e+00	3.778197e+00
2.557645e+00	3.754498e+00
2.565937e+00	3.731895e+00
2.574230e+00	3.710366e+00
2.582523e+00	3.689885e+00
2.590815e+00	3.670427e+00
2.599108e+00	3.651969e+00
2.607400e+00	3.634487e+00
2.615815e+00	3.617722e+00
2.624229e+00	3.601913e+00
2.628436e+00	3.594360e+00
2.632643e+00	3.587102e+00
2.641058e+00	3.573133e+00
2.645265e+00	3.566484e+00
2.649472e+00	3.560054e+00
2.653679e+00	3.553840e+00
2.657887e+00	3.547842e+00
2.662094e+00	3.542055e+00
2.666301e+00	3.536478e+00
2.670508e+00	3.531108e+00
2.674715e+00	3.525942e+00
2.678890e+00	3.521017e+00
2.683065e+00	3.516290e+00
2.687240e+00	3.511757e+00
2.691415e+00	3.507418e+00
2.695590e+00	3.503271e+00
2.699764e+00	3.499313e+00
2.703939e+00	3.495543e+00
2.708114e+00	3.491959e+00
2.712289e+00	3.488559e+00
2.716464e+00	3.485343e+00
2.720639e+00	3.482308e+00
2.724814e+00	3.479453e+00
2.728989e+00	3.476777e+00
2.733163e+00	3.474278e+00
2.737338e+00	3.471955e+00
2.741513e+00	3.469807e+00
2.745525e+00	3.467907e+00
2.749537e+00	3.466167e+00
2.751543e+00	3.465356e+00
2.753549e+00	3.464586e+00
2.755555e+00	3.463854e+00
2.757561e+00	3.463163e+00
2.759567e+00	3.462510e+00
2.761573e+00	3.461897e+00
2.763579e+00	3.461323e+00
2.765585e+00	3.460789e+00
2.767591e+00	3.460293e+00
2.769597e+00	3.459836e+00
2.771603e+00	3.459419e+00
2.773609e+00	3.459040e+00
2.775615e+00	3.458700e+00
2.777621e+00	3.458399e+00
2.779627e+00	3.458137e+00
2.781633e+00	3.457914e+00
2.783639e+00	3.457729e+00
2.785645e+00	3.457583e+00
2.787651e+00	3.457475e+00
2.789657e+00	3.457406e+00
2.791663e+00	3.457376e+00
2.793670e+00	3.457384e+00
2.795676e+00	3.457431e+00
2.797682e+00	3.457516e+00
2.799688e+00	3.457640e+00
2.801694e+00	3.457803e+00
2.803700e+00	3.458004e+00
2.805706e+00	3.458244e+00
2.807818e+00	3.458538e+00
2.809931e+00	3.458875e+00
2.812043e+00	3.459254e+00
2.814156e+00	3.459677e+00
2.816269e+00	3.460142e+00
2.818381e+00	3.460651e+00
2.820494e+00	3.461202e+00
2.822606e+00	3.461797e+00
2.824719e+00	3.462434e+00
2.826832e+00	3.463115e+00
2.828944e+00	3.463839e+00
2.831057e+00	3.464606e+00
2.833170e+00	3.465416e+00
2.835282e+00	3.466270e+00
2.837395e+00	3.467168e+00
2.839507e+00	3.468109e+00
2.843733e+00	3.470122e+00
2.847958e+00	3.472310e+00
2.852183e+00	3.474676e+00
2.856408e+00	3.477218e+00
2.860633e+00	3.479939e+00
2.864859e+00	3.482840e+00
2.869084e+00	3.485921e+00
2.873309e+00	3.489184e+00
2.877697e+00	3.492767e+00
2.882085e+00	3.496549e+00
2.886473e+00	3.500532e+00
2.890860e+00	3.504718e+00
2.895248e+00	3.509108e+00
2.899636e+00	3.513704e+00
2.904024e+00	3.518509e+00
2.908412e+00	3.523525e+00
2.912799e+00	3.528753e+00
2.917187e+00	3.534197e+00
2.921575e+00	3.539857e+00
2.925963e+00	3.545737e+00
2.930351e+00	3.551839e+00
2.934738e+00	3.558166e+00
2.939126e+00	3.564720e+00
2.943514e+00	3.571505e+00
2.947881e+00	3.578488e+00
2.952249e+00	3.585705e+00
2.956616e+00	3.593158e+00
2.960983e+00	3.600850e+00
2.969718e+00	3.616963e+00
2.978452e+00	3.634069e+00
2.987187e+00	3.652193e+00
2.995921e+00	3.671360e+00
3.004656e+00	3.691597e+00
3.013390e+00	3.712931e+00
3.021508e+00	3.733766e+00
3.029625e+00	3.755594e+00
3.037743e+00	3.778438e+00
3.045860e+00	3.802319e+00
3.053978e+00	3.827261e+00
3.062095e+00	3.853286e+00
3.070213e+00	3.880415e+00
3.078330e+00	3.908670e+00
3.086969e+00	3.940001e+00
3.095607e+00	3.972657e+00
3.104246e+00	4.006664e+00
3.112884e+00	4.042047e+00
3.121523e+00	4.078831e+00
3.130161e+00	4.117040e+00
3.138800e+00	4.156698e+00
3.147438e+00	4.197829e+00
3.155146e+00	4.235792e+00
3.162854e+00	4.274966e+00
3.178269e+00	4.357018e+00
3.185976e+00	4.399934e+00
3.193684e+00	4.444138e+00
3.209099e+00	4.536496e+00
3.218118e+00	4.593035e+00
3.227137e+00	4.651474e+00
3.236156e+00	4.711859e+00
3.245175e+00	4.774239e+00
3.254194e+00	4.838666e+00
3.263213e+00	4.905198e+00
3.272232e+00	4.973894e+00
3.281251e+00	5.044817e+00
3.296951e+00	5.173771e+00
3.312651e+00	5.309973e+00
3.328351e+00	5.453652e+00
3.344050e+00	5.604863e+00
3.360682e+00	5.772947e+00
3.377314e+00	5.948197e+00
3.393946e+00	6.128801e+00
3.410578e+00	6.312109e+00
3.427368e+00	6.496704e+00
3.444159e+00	6.677714e+00
3.460949e+00	6.852674e+00
3.477740e+00	7.020024e+00
3.495028e+00	7.183604e+00
3.512316e+00	7.338161e+00
3.529604e+00	7.483894e+00
3.546892e+00	7.621173e+00
3.555357e+00	7.685434e+00
3.563822e+00	7.747817e+00
3.572287e+00	7.808366e+00
3.580752e+00	7.867127e+00
3.597682e+00	7.979439e+00
3.606147e+00	8.033063e+00
3.614613e+00	8.085041e+00
3.622416e+00	8.131526e+00
3.630220e+00	8.176658e+00
3.645827e+00	8.262942e+00
3.653631e+00	8.304130e+00
3.661435e+00	8.344039e+00
3.669238e+00	8.382683e+00
3.677042e+00	8.420079e+00
3.686112e+00	8.461996e+00
3.695182e+00	8.502272e+00
3.704252e+00	8.540932e+00
3.713322e+00	8.578001e+00
3.722392e+00	8.613504e+00
3.731462e+00	8.647467e+00
3.740532e+00	8.679916e+00
3.749602e+00	8.710880e+00
3.757751e+00	8.737453e+00
3.765899e+00	8.762870e+00
3.774047e+00	8.787152e+00
3.782196e+00	8.810320e+00
3.790344e+00	8.832395e+00
3.798492e+00	8.853399e+00
3.806641e+00	8.873352e+00
3.814789e+00	8.892277e+00
3.822477e+00	8.909208e+00
3.830165e+00	8.925260e+00
3.837853e+00	8.940448e+00
3.845541e+00	8.954790e+00
3.853228e+00	8.968301e+00
3.860916e+00	8.980998e+00
3.864760e+00	8.987046e+00
3.868604e+00	8.992896e+00
3.872448e+00	8.998549e+00
3.876292e+00	9.004008e+00
3.880689e+00	9.010016e+00
3.885086e+00	9.015773e+00
3.889483e+00	9.021284e+00
3.893880e+00	9.026549e+00
3.898277e+00	9.031571e+00
3.902674e+00	9.036352e+00
3.907071e+00	9.040894e+00
3.911468e+00	9.045200e+00
3.915865e+00	9.049271e+00
3.920261e+00	9.053108e+00
3.924658e+00	9.056715e+00
3.929055e+00	9.060091e+00
3.933452e+00	9.063239e+00
3.937849e+00	9.066159e+00
3.942246e+00	9.068855e+00
3.946643e+00	9.071325e+00
3.948777e+00	9.072444e+00
3.950910e+00	9.073510e+00
3.953044e+00	9.074523e+00
3.955177e+00	9.075485e+00
3.957311e+00	9.076394e+00
3.959444e+00	9.077251e+00
3.961578e+00	9.078056e+00
3.963711e+00	9.078809e+00
3.965845e+00	9.079511e+00
3.967978e+00	9.080161e+00
3.970112e+00	9.080759e+00
3.972246e+00	9.081306e+00
3.974379e+00	9.081801e+00
3.976513e+00	9.082244e+00
3.978646e+00	9.082636e+00
3.980780e+00	9.082977e+00
3.982913e+00	9.083267e+00
3.985047e+00	9.083505e+00
3.987180e+00	9.083691e+00
3.989314e+00	9.083827e+00
3.991448e+00	9.083911e+00
3.993581e+00	9.083944e+00
3.995715e+00	9.083926e+00
3.997848e+00	9.083856e+00
3.999982e+00	9.083736e+00
4.002115e+00	9.083563e+00
4.004249e+00	9.083340e+00
4.006382e+00	9.083065e+00
4.008516e+00	9.082739e+00
4.010649e+00	9.082362e+00
4.012783e+00	9.081933e+00
4.014917e+00	9.081452e+00
4.017004e+00	9.080932e+00
4.019092e+00	9.080363e+00
4.021179e+00	9.079744e+00
4.023267e+00	9.079075e+00
4.025355e+00	9.078357e+00
4.027442e+00	9.077589e+00
4.029530e+00	9.076772e+00
4.031617e+00	9.075904e+00
4.033705e+00	9.074987e+00
4.035793e+00	9.074019e+00
4.037880e+00	9.073001e+00
4.039968e+00	9.071933e+00
4.044143e+00	9.069646e+00
4.048318e+00	9.067156e+00
4.052494e+00	9.064463e+00
4.056669e+00	9.061564e+00
4.060844e+00	9.058460e+00
4.065019e+00	9.055149e+00
4.069195e+00	9.051629e+00
4.073370e+00	9.047899e+00
4.077545e+00	9.043958e+00
4.081720e+00	9.039803e+00
4.085772e+00	9.035566e+00
4.089823e+00	9.031126e+00
4.093875e+00	9.026480e+00
4.097926e+00	9.021626e+00
4.101978e+00	9.016564e+00
4.106029e+00	9.011291e+00
4.110081e+00	9.005806e+00
4.114133e+00	9.000105e+00
4.118184e+00	8.994188e+00
4.122236e+00	8.988053e+00
4.126287e+00	8.981696e+00
4.130339e+00	8.975117e+00
4.138442e+00	8.961281e+00
4.146545e+00	8.946526e+00
4.154740e+00	8.930650e+00
4.162935e+00	8.913794e+00
4.171130e+00	8.895939e+00
4.179325e+00	8.877064e+00
4.187521e+00	8.857146e+00
4.195716e+00	8.836164e+00
4.203911e+00	8.814096e+00
4.212106e+00	8.790921e+00
4.221105e+00	8.764170e+00
4.230104e+00	8.736029e+00
4.239103e+00	8.706469e+00
4.248102e+00	8.675462e+00
4.257101e+00	8.642981e+00
4.266100e+00	8.608998e+00
4.275098e+00	8.573488e+00
4.284097e+00	8.536425e+00
4.292126e+00	8.502030e+00
4.300154e+00	8.466361e+00
4.308182e+00	8.429402e+00
4.316210e+00	8.391137e+00
4.324239e+00	8.351548e+00
4.332267e+00	8.310618e+00
4.340295e+00	8.268329e+00
4.348323e+00	8.224665e+00
4.356576e+00	8.178323e+00
4.364829e+00	8.130486e+00
4.381336e+00	8.030232e+00
4.389589e+00	7.977764e+00
4.397842e+00	7.923698e+00
4.406095e+00	7.868003e+00
4.414348e+00	7.810647e+00
4.430222e+00	7.695519e+00
4.446096e+00	7.573832e+00
4.461970e+00	7.445286e+00
4.477844e+00	7.309594e+00
4.495737e+00	7.147800e+00
4.513629e+00	6.976558e+00
4.531521e+00	6.796294e+00
4.549414e+00	6.608271e+00
4.565373e+00	6.435910e+00
4.581332e+00	6.261617e+00
4.597291e+00	6.088142e+00
4.613249e+00	5.918125e+00
4.630093e+00	5.744749e+00
4.646938e+00	5.579169e+00
4.663782e+00	5.422163e+00
4.680626e+00	5.273916e+00
4.689565e+00	5.198744e+00
4.698505e+00	5.125947e+00
4.707445e+00	5.055468e+00
4.716384e+00	4.987249e+00
4.725324e+00	4.921229e+00
4.734264e+00	4.857348e+00
4.743204e+00	4.795551e+00
4.752143e+00	4.735784e+00
4.760631e+00	4.680870e+00
4.769119e+00	4.627702e+00
4.777607e+00	4.576240e+00
4.786094e+00	4.526451e+00
4.794582e+00	4.478303e+00
4.803070e+00	4.431767e+00
4.811558e+00	4.386813e+00
4.820045e+00	4.343418e+00
4.827862e+00	4.304810e+00
4.835678e+00	4.267483e+00
4.843495e+00	4.231420e+00
4.851312e+00	4.196603e+00
4.859128e+00	4.163015e+00
4.866945e+00	4.130640e+00
4.874761e+00	4.099460e+00
4.882578e+00	4.069460e+00
4.891446e+00	4.036832e+00
4.900314e+00	4.005676e+00
4.909181e+00	3.975969e+00
4.918049e+00	3.947685e+00
4.926917e+00	3.920801e+00
4.935785e+00	3.895292e+00
4.944653e+00	3.871133e+00
4.953521e+00	3.848300e+00
4.961844e+00	3.828057e+00
4.970166e+00	3.808940e+00
4.978489e+00	3.790931e+00
4.986811e+00	3.774012e+00
4.990972e+00	3.765954e+00
4.995134e+00	3.758162e+00
5.003456e+00	3.743366e+00
5.007618e+00	3.736357e+00
5.011779e+00	3.729605e+00
5.015940e+00	3.723108e+00
5.020101e+00	3.716863e+00
5.024321e+00	3.710787e+00
5.028541e+00	3.704966e+00
5.032761e+00	3.699400e+00
5.036981e+00	3.694087e+00
5.041201e+00	3.689024e+00
5.045421e+00	3.684209e+00
5.049641e+00	3.679642e+00
5.053861e+00	3.675321e+00
5.058081e+00	3.671244e+00
5.062301e+00	3.667410e+00
5.066521e+00	3.663817e+00
5.070741e+00	3.660465e+00
5.074961e+00	3.657352e+00
5.079181e+00	3.654477e+00
5.083401e+00	3.651838e+00
5.087621e+00	3.649436e+00
5.089686e+00	3.648346e+00
5.091752e+00	3.647312e+00
5.093818e+00	3.646334e+00
5.095884e+00	3.645412e+00
5.097950e+00	3.644547e+00
5.100016e+00	3.643737e+00
5.102082e+00	3.642983e+00
5.104148e+00	3.642285e+00
5.106214e+00	3.641643e+00
5.108280e+00	3.641056e+00
5.110346e+00	3.640525e+00
5.112411e+00	3.640050e+00
5.114477e+00	3.639630e+00
5.116543e+00	3.639265e+00
5.118609e+00	3.638957e+00
5.120675e+00	3.638703e+00
5.122741e+00	3.638505e+00
5.124807e+00	3.638363e+00
5.126873e+00	3.638276e+00
5.128939e+00	3.638244e+00
5.131005e+00	3.638268e+00
5.133071e+00	3.638347e+00
5.135136e+00	3.638482e+00
5.137202e+00	3.638672e+00
5.139268e+00	3.638918e+00
5.141334e+00	3.639219e+00
5.143400e+00	3.639575e+00
5.145466e+00	3.639987e+00
5.147532e+00	3.640455e+00
5.149598e+00	3.640978e+00
5.151664e+00	3.641557e+00
5.153730e+00	3.642192e+00
5.155798e+00	3.642884e+00
5.157866e+00	3.643631e+00
5.159934e+00	3.644434e+00
5.162003e+00	3.645294e+00
5.164071e+00	3.646210e+00
5.166139e+00	3.647182e+00
5.168208e+00	3.648210e+00
5.170276e+00	3.649295e+00
5.174413e+00	3.651634e+00
5.178549e+00	3.654201e+00
5.182686e+00	3.656995e+00
5.186822e+00	3.660019e+00
5.190959e+00	3.663272e+00
5.195095e+00	3.666757e+00
5.199232e+00	3.670474e+00
5.203369e+00	3.674425e+00
5.207505e+00	3.678611e+00
5.211642e+00	3.683033e+00
5.215778e+00	3.687693e+00
5.219915e+00	3.692592e+00
5.223711e+00	3.697301e+00
5.227508e+00	3.702213e+00
5.231304e+00	3.707332e+00
5.235101e+00	3.712657e+00
5.238897e+00	3.718191e+00
5.242694e+00	3.723935e+00
5.246490e+00	3.729890e+00
5.250286e+00	3.736058e+00
5.257879e+00	3.749038e+00
5.265472e+00	3.762890e+00
5.273065e+00	3.777625e+00
5.280658e+00	3.793258e+00
5.289493e+00	3.812598e+00
5.298328e+00	3.833196e+00
5.307164e+00	3.855075e+00
5.315999e+00	3.878259e+00
5.324834e+00	3.902773e+00
5.333669e+00	3.928640e+00
5.342504e+00	3.955886e+00
5.351339e+00	3.984534e+00
5.359371e+00	4.011812e+00
5.367402e+00	4.040288e+00
5.375433e+00	4.069979e+00
5.383464e+00	4.100903e+00
5.391496e+00	4.133079e+00
5.399527e+00	4.166524e+00
5.407558e+00	4.201257e+00
5.415589e+00	4.237295e+00
5.424596e+00	4.279287e+00
5.433603e+00	4.322970e+00
5.442610e+00	4.368373e+00
5.451616e+00	4.415524e+00
5.460623e+00	4.464453e+00
5.469630e+00	4.515193e+00
5.478636e+00	4.567776e+00
5.487643e+00	4.622241e+00
5.496138e+00	4.675372e+00
5.504634e+00	4.730248e+00
5.513129e+00	4.786906e+00
5.521624e+00	4.845389e+00
5.538615e+00	4.968000e+00
5.555605e+00	5.098453e+00
5.571305e+00	5.226296e+00
5.587006e+00	5.361419e+00
5.602706e+00	5.503982e+00
5.618406e+00	5.653931e+00
5.635135e+00	5.821352e+00
5.651863e+00	5.995504e+00
5.668592e+00	6.174371e+00
5.685320e+00	6.355185e+00
5.701310e+00	6.526961e+00
5.717300e+00	6.695131e+00
5.733290e+00	6.857730e+00
5.749280e+00	7.013505e+00
5.766083e+00	7.169170e+00
5.782887e+00	7.316417e+00
5.799690e+00	7.455378e+00
5.816493e+00	7.586343e+00
5.825194e+00	7.651130e+00
5.833895e+00	7.713915e+00
5.842596e+00	7.774743e+00
5.851297e+00	7.833659e+00
5.859998e+00	7.890704e+00
5.868699e+00	7.945917e+00
5.877400e+00	7.999332e+00
5.886101e+00	8.050983e+00
5.894282e+00	8.097964e+00
5.902463e+00	8.143434e+00
5.910644e+00	8.187416e+00
5.918825e+00	8.229928e+00
5.927006e+00	8.270991e+00
5.935187e+00	8.310622e+00
5.943367e+00	8.348839e+00
5.951548e+00	8.385659e+00
5.959722e+00	8.421069e+00
5.967896e+00	8.455118e+00
5.976069e+00	8.487822e+00
5.984243e+00	8.519199e+00
5.992417e+00	8.549266e+00
6.000590e+00	8.578039e+00
6.008764e+00	8.605537e+00
6.016938e+00	8.631776e+00
6.026192e+00	8.659989e+00
6.035447e+00	8.686638e+00
6.044701e+00	8.711749e+00
6.053956e+00	8.735349e+00
6.058583e+00	8.746591e+00
6.063210e+00	8.757464e+00
6.072465e+00	8.778120e+00
6.077092e+00	8.787909e+00
6.081719e+00	8.797343e+00
6.086346e+00	8.806424e+00
6.090974e+00	8.815157e+00
6.098413e+00	8.828472e+00
6.105852e+00	8.840904e+00
6.109571e+00	8.846793e+00
6.113291e+00	8.852466e+00
6.117010e+00	8.857924e+00
6.120729e+00	8.863169e+00
6.124449e+00	8.868202e+00
6.128168e+00	8.873023e+00
6.131888e+00	8.877635e+00
6.135607e+00	8.882039e+00
6.139327e+00	8.886235e+00
6.143046e+00	8.890225e+00
6.146766e+00	8.894011e+00
6.150485e+00	8.897592e+00
6.154998e+00	8.901664e+00
6.159512e+00	8.905440e+00
6.164025e+00	8.908920e+00
6.168538e+00	8.912106e+00
6.170794e+00	8.913589e+00
6.173051e+00	8.914999e+00
6.175307e+00	8.916336e+00
6.177564e+00	8.917600e+00
6.179821e+00	8.918792e+00
6.182077e+00	8.919911e+00
6.184334e+00	8.920958e+00
6.186590e+00	8.921933e+00
6.188847e+00	8.922836e+00
6.191103e+00	8.923666e+00
6.193360e+00	8.924425e+00
6.195617e+00	8.925112e+00
6.197873e+00	8.925728e+00
6.200130e+00	8.926272e+00
6.202386e+00	8.926744e+00
6.204643e+00	8.927144e+00
6.206899e+00	8.927474e+00
6.209156e+00	8.927732e+00
6.211412e+00	8.927918e+00
6.213669e+00	8.928034e+00
6.215926e+00	8.928078e+00
6.218182e+00	8.928050e+00
6.220439e+00	8.927952e+00
6.222695e+00	8.927782e+00
6.224704e+00	8.927571e+00
6.226713e+00	8.927304e+00
6.228722e+00	8.926980e+00
6.230731e+00	8.926600e+00
6.232740e+00	8.926163e+00
6.234749e+00	8.925670e+00
6.236758e+00	8.925120e+00
6.238767e+00	8.924513e+00
6.240776e+00	8.923850e+00
6.242785e+00	8.923130e+00
6.244794e+00	8.922354e+00
6.246803e+00	8.921521e+00
6.248812e+00	8.920631e+00
6.250821e+00	8.919684e+00
6.252830e+00	8.918680e+00
6.254839e+00	8.917619e+00
6.258857e+00	8.915326e+00
6.262875e+00	8.912805e+00
6.266893e+00	8.910053e+00
6.270911e+00	8.907072e+00
6.274929e+00	8.903859e+00
6.278947e+00	8.900414e+00
6.282965e+00	8.896737e+00
6.286983e+00	8.892825e+00
6.291021e+00	8.888657e+00
6.295058e+00	8.884251e+00
6.299096e+00	8.879605e+00
6.303133e+00	8.874718e+00
6.307171e+00	8.869589e+00
6.311208e+00	8.864216e+00
6.315246e+00	8.858597e+00
6.319283e+00	8.852732e+00
6.323321e+00	8.846619e+00
6.327358e+00	8.840255e+00
6.331396e+00	8.833640e+00
6.335433e+00	8.826772e+00
6.343508e+00	8.812269e+00
6.351583e+00	8.796730e+00
6.360166e+00	8.779065e+00
6.368748e+00	8.760194e+00
6.377331e+00	8.740100e+00
6.385913e+00	8.718763e+00
6.394496e+00	8.696162e+00
6.403078e+00	8.672276e+00
6.411660e+00	8.647087e+00
6.420243e+00	8.620572e+00
6.428366e+00	8.594236e+00
6.436490e+00	8.566676e+00
6.444614e+00	8.537876e+00
6.452737e+00	8.507819e+00
6.460861e+00	8.476486e+00
6.468984e+00	8.443861e+00
6.477108e+00	8.409927e+00
6.485232e+00	8.374667e+00
6.494233e+00	8.334025e+00
6.503235e+00	8.291709e+00
6.512236e+00	8.247694e+00
6.521238e+00	8.201953e+00
6.530239e+00	8.154461e+00
6.539241e+00	8.105188e+00
6.548242e+00	8.054104e+00
6.557244e+00	8.001176e+00
6.572529e+00	7.906970e+00
6.587815e+00	7.807148e+00
6.603101e+00	7.701487e+00
6.618386e+00	7.589737e+00
6.627359e+00	7.521199e+00
6.636331e+00	7.450413e+00
6.645303e+00	7.377324e+00
6.654275e+00	7.301882e+00
6.672220e+00	7.143778e+00
6.690164e+00	6.975961e+00
6.705918e+00	6.820871e+00
6.721672e+00	6.659256e+00
6.737425e+00	6.492459e+00
6.753179e+00	6.322489e+00
6.771253e+00	6.126808e+00
6.789328e+00	5.934129e+00
6.807402e+00	5.747691e+00
6.825476e+00	5.569629e+00
6.841837e+00	5.416577e+00
6.858197e+00	5.271492e+00
6.874557e+00	5.134281e+00
6.890917e+00	5.004691e+00
6.899370e+00	4.940619e+00
6.907823e+00	4.878452e+00
6.916276e+00	4.818149e+00
6.924729e+00	4.759666e+00
6.941635e+00	4.648013e+00
6.950088e+00	4.594774e+00
6.958541e+00	4.543217e+00
6.966381e+00	4.496877e+00
6.974221e+00	4.451941e+00
6.982061e+00	4.408389e+00
6.989902e+00	4.366203e+00
6.997742e+00	4.325368e+00
7.005582e+00	4.285868e+00
7.013423e+00	4.247688e+00
7.021263e+00	4.210813e+00
7.030253e+00	4.170120e+00
7.039244e+00	4.131104e+00
7.048234e+00	4.093747e+00
7.057224e+00	4.058028e+00
7.066215e+00	4.023926e+00
7.075205e+00	3.991421e+00
7.084195e+00	3.960492e+00
7.093186e+00	3.931117e+00
7.100845e+00	3.907302e+00
7.108504e+00	3.884586e+00
7.116163e+00	3.862955e+00
7.123822e+00	3.842396e+00
7.131481e+00	3.822894e+00
7.139140e+00	3.804437e+00
7.146799e+00	3.787009e+00
7.154458e+00	3.770599e+00
7.158921e+00	3.761501e+00
7.163384e+00	3.752742e+00
7.167847e+00	3.744318e+00
7.172309e+00	3.736227e+00
7.176772e+00	3.728467e+00
7.181235e+00	3.721036e+00
7.185698e+00	3.713932e+00
7.190161e+00	3.707151e+00
7.194624e+00	3.700693e+00
7.199087e+00	3.694554e+00
7.203550e+00	3.688733e+00
7.208012e+00	3.683228e+00
7.212475e+00	3.678037e+00
7.216938e+00	3.673158e+00
7.221401e+00	3.668590e+00
7.225864e+00	3.664331e+00
7.229944e+00	3.660706e+00
7.234025e+00	3.657337e+00
7.238105e+00	3.654223e+00
7.242185e+00	3.651363e+00
7.246266e+00	3.648756e+00
7.250346e+00	3.646402e+00
7.252386e+00	3.645319e+00
7.254426e+00	3.644299e+00
7.256466e+00	3.643342e+00
7.258507e+00	3.642447e+00
7.260547e+00	3.641615e+00
7.262587e+00	3.640846e+00
7.264627e+00	3.640139e+00
7.266667e+00	3.639494e+00
7.268708e+00	3.638912e+00
7.270748e+00	3.638392e+00
7.272788e+00	3.637935e+00
7.274828e+00	3.637540e+00
7.276868e+00	3.637207e+00
7.278908e+00	3.636936e+00
7.280949e+00	3.636727e+00
7.282989e+00	3.636581e+00
7.285029e+00	3.636497e+00
7.287069e+00	3.636474e+00
7.289109e+00	3.636514e+00
7.291150e+00	3.636617e+00
7.293219e+00	3.636784e+00
7.295288e+00	3.637015e+00
7.297358e+00	3.637310e+00
7.299427e+00	3.637669e+00
7.301496e+00	3.638092e+00
7.303566e+00	3.638579e+00
7.305635e+00	3.639131e+00
7.307704e+00	3.639746e+00
7.309774e+00	3.640426e+00
7.311843e+00	3.641169e+00
7.313912e+00	3.641978e+00
7.315981e+00	3.642850e+00
7.318051e+00	3.643787e+00
7.320120e+00	3.644789e+00
7.322189e+00	3.645855e+00
7.324259e+00	3.646986e+00
7.328397e+00	3.649442e+00
7.332536e+00	3.652158e+00
7.336675e+00	3.655135e+00
7.340813e+00	3.658374e+00
7.344952e+00	3.661875e+00
7.349091e+00	3.665640e+00
7.353229e+00	3.669670e+00
7.357368e+00	3.673967e+00
7.361680e+00	3.678727e+00
7.365992e+00	3.683779e+00
7.370304e+00	3.689125e+00
7.374615e+00	3.694766e+00
7.378927e+00	3.700704e+00
7.383239e+00	3.706940e+00
7.387551e+00	3.713477e+00
7.391863e+00	3.720317e+00
7.396175e+00	3.727461e+00
7.400487e+00	3.734912e+00
7.404798e+00	3.742672e+00
7.409110e+00	3.750743e+00
7.417734e+00	3.767826e+00
7.422046e+00	3.776843e+00
7.426358e+00	3.786180e+00
7.434458e+00	3.804594e+00
7.442558e+00	3.824162e+00
7.450658e+00	3.844900e+00
7.458758e+00	3.866824e+00
7.466858e+00	3.889951e+00
7.474958e+00	3.914297e+00
7.483058e+00	3.939877e+00
7.491158e+00	3.966710e+00
7.499613e+00	3.996070e+00
7.508068e+00	4.026829e+00
7.516523e+00	4.059004e+00
7.524978e+00	4.092613e+00
7.533433e+00	4.127673e+00
7.541888e+00	4.164201e+00
7.550344e+00	4.202214e+00
7.558799e+00	4.241729e+00
7.566793e+00	4.280489e+00
7.574788e+00	4.320623e+00
7.582782e+00	4.362146e+00
7.590777e+00	4.405075e+00
7.598772e+00	4.449427e+00
7.606766e+00	4.495220e+00
7.614761e+00	4.542474e+00
7.622756e+00	4.591210e+00
7.639308e+00	4.696929e+00
7.655860e+00	4.809335e+00
7.664136e+00	4.868128e+00
7.672413e+00	4.928695e+00
7.688965e+00	5.055307e+00
7.705584e+00	5.190034e+00
7.722202e+00	5.332663e+00
7.738821e+00	5.483360e+00
7.755440e+00	5.642046e+00
7.772940e+00	5.817206e+00
7.790441e+00	5.999249e+00
7.807941e+00	6.185806e+00
7.825442e+00	6.373675e+00
7.841759e+00	6.546919e+00
7.858075e+00	6.715694e+00
7.874392e+00	6.878110e+00
7.890709e+00	7.033028e+00
7.907610e+00	7.185058e+00
7.924512e+00	7.328421e+00
7.941414e+00	7.463318e+00
7.958316e+00	7.590080e+00
7.967014e+00	7.652262e+00
7.975712e+00	7.712437e+00
7.984410e+00	7.770650e+00
7.993108e+00	7.826948e+00
8.001806e+00	7.881370e+00
8.010504e+00	7.933955e+00
8.019201e+00	7.984740e+00
8.027899e+00	8.033757e+00
8.035789e+00	8.076713e+00
8.043678e+00	8.118262e+00
8.051568e+00	8.158421e+00
8.059457e+00	8.197209e+00
8.067347e+00	8.234645e+00
8.075236e+00	8.270744e+00
8.083125e+00	8.305523e+00
8.091015e+00	8.338997e+00
8.099354e+00	8.372976e+00
8.107693e+00	8.405531e+00
8.116031e+00	8.436680e+00
8.124370e+00	8.466439e+00
8.132709e+00	8.494824e+00
8.141048e+00	8.521853e+00
8.149387e+00	8.547542e+00
8.157726e+00	8.571908e+00
8.166698e+00	8.596664e+00
8.175670e+00	8.619927e+00
8.184641e+00	8.641717e+00
8.193613e+00	8.662054e+00
8.198099e+00	8.671683e+00
8.202585e+00	8.680956e+00
8.207071e+00	8.689875e+00
8.211557e+00	8.698442e+00
8.216043e+00	8.706660e+00
8.220529e+00	8.714530e+00
8.225015e+00	8.722055e+00
8.229501e+00	8.729237e+00
8.233493e+00	8.735341e+00
8.237485e+00	8.741177e+00
8.241478e+00	8.746745e+00
8.245470e+00	8.752046e+00
8.249462e+00	8.757083e+00
8.253455e+00	8.761855e+00
8.257447e+00	8.766365e+00
8.261439e+00	8.770612e+00
8.265432e+00	8.774599e+00
8.269424e+00	8.778326e+00
8.273416e+00	8.781794e+00
8.277409e+00	8.785004e+00
8.281401e+00	8.787957e+00
8.285393e+00	8.790653e+00
8.289385e+00	8.793094e+00
8.293378e+00	8.795279e+00
8.295463e+00	8.796319e+00
8.297549e+00	8.797289e+00
8.299635e+00	8.798191e+00
8.301720e+00	8.799023e+00
8.303806e+00	8.799785e+00
8.305892e+00	8.800479e+00
8.307977e+00	8.801103e+00
8.310063e+00	8.801658e+00
8.312149e+00	8.802145e+00
8.314234e+00	8.802562e+00
8.316320e+00	8.802910e+00
8.318406e+00	8.803189e+00
8.320491e+00	8.803399e+00
8.322577e+00	8.803540e+00
8.324663e+00	8.803612e+00
8.326748e+00	8.803615e+00
8.328834e+00	8.803549e+00
8.330920e+00	8.803414e+00
8.333005e+00	8.803211e+00
8.335091e+00	8.802938e+00
8.337177e+00	8.802596e+00
8.339262e+00	8.802185e+00
8.341348e+00	8.801705e+00
8.343434e+00	8.801156e+00
8.345519e+00	8.800538e+00
8.347605e+00	8.799851e+00
8.349691e+00	8.799094e+00
8.351776e+00	8.798268e+00
8.353862e+00	8.797373e+00
8.355948e+00	8.796408e+00
8.358033e+00	8.795374e+00
8.360119e+00	8.794270e+00
8.362349e+00	8.793012e+00
8.364580e+00	8.791675e+00
8.366810e+00	8.790258e+00
8.369041e+00	8.788761e+00
8.373501e+00	8.785526e+00
8.377962e+00	8.781970e+00
8.382423e+00	8.778092e+00
8.386884e+00	8.773889e+00
8.391345e+00	8.769362e+00
8.395806e+00	8.764508e+00
8.400266e+00	8.759326e+00
8.404727e+00	8.753814e+00
8.409188e+00	8.747972e+00
8.413649e+00	8.741796e+00
8.418110e+00	8.735286e+00
8.422570e+00	8.728440e+00
8.427031e+00	8.721255e+00
8.431492e+00	8.713729e+00
8.439179e+00	8.699957e+00
8.446866e+00	8.685157e+00
8.454553e+00	8.669318e+00
8.462239e+00	8.652428e+00
8.469926e+00	8.634476e+00
8.477613e+00	8.615449e+00
8.485300e+00	8.595334e+00
8.492987e+00	8.574120e+00
8.501617e+00	8.548974e+00
8.510247e+00	8.522407e+00
8.518877e+00	8.494401e+00
8.527507e+00	8.464936e+00
8.536138e+00	8.433994e+00
8.544768e+00	8.401557e+00
8.553398e+00	8.367606e+00
8.562028e+00	8.332121e+00
8.570804e+00	8.294445e+00
8.579580e+00	8.255142e+00
8.588355e+00	8.214192e+00
8.597131e+00	8.171572e+00
8.605907e+00	8.127258e+00
8.614683e+00	8.081226e+00
8.623459e+00	8.033449e+00
8.632234e+00	7.983899e+00
8.647605e+00	7.892750e+00
8.662975e+00	7.795887e+00
8.678345e+00	7.693102e+00
8.693715e+00	7.584163e+00
8.711086e+00	7.453324e+00
8.719771e+00	7.384723e+00
8.728457e+00	7.313943e+00
8.745827e+00	7.165714e+00
8.763198e+00	7.008505e+00
8.780125e+00	6.846875e+00
8.797053e+00	6.677681e+00
8.813981e+00	6.502433e+00
8.830908e+00	6.323477e+00
8.848056e+00	6.141451e+00
8.865204e+00	5.961890e+00
8.882353e+00	5.787548e+00
8.899501e+00	5.620354e+00
8.915807e+00	5.468984e+00
8.932114e+00	5.325417e+00
8.948420e+00	5.189663e+00
8.964727e+00	5.061537e+00
8.980982e+00	4.941140e+00
8.997237e+00	4.827765e+00
9.005364e+00	4.773624e+00
9.013492e+00	4.721138e+00
9.021619e+00	4.670277e+00
9.029747e+00	4.621013e+00
9.038587e+00	4.569212e+00
9.047428e+00	4.519240e+00
9.056268e+00	4.471071e+00
9.065109e+00	4.424678e+00
9.073949e+00	4.380037e+00
9.082789e+00	4.337128e+00
9.091630e+00	4.295928e+00
9.100470e+00	4.256418e+00
9.108411e+00	4.222357e+00
9.116351e+00	4.189630e+00
9.124291e+00	4.158225e+00
9.132231e+00	4.128128e+00
9.140171e+00	4.099326e+00
9.148112e+00	4.071806e+00
9.156052e+00	4.045554e+00
9.163992e+00	4.020559e+00
9.172258e+00	3.995858e+00
9.180524e+00	3.972489e+00
9.188790e+00	3.950436e+00
9.197056e+00	3.929686e+00
9.205322e+00	3.910222e+00
9.213588e+00	3.892031e+00
9.217720e+00	3.883408e+00
9.221853e+00	3.875098e+00
9.225986e+00	3.867099e+00
9.230119e+00	3.859409e+00
9.234548e+00	3.851511e+00
9.238976e+00	3.843964e+00
9.243405e+00	3.836766e+00
9.247834e+00	3.829916e+00
9.252262e+00	3.823411e+00
9.256691e+00	3.817250e+00
9.261119e+00	3.811432e+00
9.265548e+00	3.805953e+00
9.269976e+00	3.800813e+00
9.274405e+00	3.796011e+00
9.278834e+00	3.791545e+00
9.283262e+00	3.787412e+00
9.287691e+00	3.783613e+00
9.292119e+00	3.780146e+00
9.294334e+00	3.778537e+00
9.296548e+00	3.777010e+00
9.298762e+00	3.775566e+00
9.300976e+00	3.774204e+00
9.302898e+00	3.773088e+00
9.304821e+00	3.772035e+00
9.306743e+00	3.771043e+00
9.308665e+00	3.770112e+00
9.310587e+00	3.769244e+00
9.312509e+00	3.768437e+00
9.314431e+00	3.767692e+00
9.316353e+00	3.767008e+00
9.318276e+00	3.766385e+00
9.320198e+00	3.765825e+00
9.322120e+00	3.765325e+00
9.324042e+00	3.764887e+00
9.325964e+00	3.764510e+00
9.327886e+00	3.764194e+00
9.329808e+00	3.763940e+00
9.331731e+00	3.763747e+00
9.333653e+00	3.763615e+00
9.335575e+00	3.763544e+00
9.337497e+00	3.763534e+00
9.339419e+00	3.763586e+00
9.341341e+00	3.763699e+00
9.343263e+00	3.763873e+00
9.345186e+00	3.764108e+00
9.347108e+00	3.764404e+00
9.349030e+00	3.764761e+00
9.350952e+00	3.765180e+00
9.352874e+00	3.765659e+00
9.354796e+00	3.766200e+00
9.356718e+00	3.766803e+00
9.358640e+00	3.767466e+00
9.360563e+00	3.768191e+00
9.362485e+00	3.768977e+00
9.364521e+00	3.769876e+00
9.366558e+00	3.770845e+00
9.368595e+00	3.771883e+00
9.370631e+00	3.772989e+00
9.374705e+00	3.775410e+00
9.378778e+00	3.778107e+00
9.382851e+00	3.781082e+00
9.386924e+00	3.784335e+00
9.390998e+00	3.787867e+00
9.395071e+00	3.791678e+00
9.399144e+00	3.795769e+00
9.403217e+00	3.800142e+00
9.407291e+00	3.804797e+00
9.411364e+00	3.809736e+00
9.415437e+00	3.814958e+00
9.419510e+00	3.820467e+00
9.423584e+00	3.826261e+00
9.427657e+00	3.832344e+00
9.432316e+00	3.839655e+00
9.436975e+00	3.847347e+00
9.441634e+00	3.855421e+00
9.446293e+00	3.863879e+00
9.450951e+00	3.872724e+00
9.455610e+00	3.881957e+00
9.460269e+00	3.891582e+00
9.464928e+00	3.901599e+00
9.469587e+00	3.912013e+00
9.474246e+00	3.922825e+00
9.478905e+00	3.934037e+00
9.483564e+00	3.945653e+00
9.492881e+00	3.970104e+00
9.502199e+00	3.996199e+00
9.509771e+00	4.018628e+00
9.517342e+00	4.042168e+00
9.524914e+00	4.066829e+00
9.532485e+00	4.092624e+00
9.540057e+00	4.119564e+00
9.547629e+00	4.147660e+00
9.555200e+00	4.176925e+00
9.562772e+00	4.207369e+00
9.571123e+00	4.242332e+00
9.579474e+00	4.278761e+00
9.587825e+00	4.316674e+00
9.596177e+00	4.356088e+00
9.604528e+00	4.397022e+00
9.612879e+00	4.439495e+00
9.621230e+00	4.483527e+00
9.629581e+00	4.529141e+00
9.638740e+00	4.581014e+00
9.647899e+00	4.634851e+00
9.657058e+00	4.690690e+00
9.666217e+00	4.748570e+00
9.675376e+00	4.808535e+00
9.684535e+00	4.870632e+00
9.693694e+00	4.934912e+00
9.702853e+00	5.001426e+00
9.718378e+00	5.119424e+00
9.733902e+00	5.244261e+00
9.749426e+00	5.376162e+00
9.764951e+00	5.515248e+00
9.782182e+00	5.677932e+00
9.799413e+00	5.848749e+00
9.816645e+00	6.026325e+00
9.833876e+00	6.208382e+00
9.850623e+00	6.386742e+00
9.867370e+00	6.563442e+00
9.884117e+00	6.735767e+00
9.900864e+00	6.901707e+00
9.916956e+00	7.054017e+00
9.933049e+00	7.198825e+00
9.949141e+00	7.336032e+00
9.965233e+00	7.465769e+00
9.974084e+00	7.534025e+00
9.982935e+00	7.600139e+00
9.991785e+00	7.664157e+00
1.000064e+01	7.726126e+00
1.000949e+01	7.786088e+00
1.001834e+01	7.844085e+00
1.002719e+01	7.900154e+00
1.003604e+01	7.954330e+00
1.004400e+01	8.001451e+00
1.005196e+01	8.047088e+00
1.005991e+01	8.091261e+00
1.006787e+01	8.133987e+00
1.007583e+01	8.175283e+00
1.008379e+01	8.215163e+00
1.009174e+01	8.253643e+00
1.009970e+01	8.290736e+00
1.010800e+01	8.327941e+00
1.011629e+01	8.363666e+00
1.012459e+01	8.397924e+00
1.013289e+01	8.430730e+00
1.014118e+01	8.462097e+00
1.014948e+01	8.492037e+00
1.015777e+01	8.520564e+00
1.016607e+01	8.547692e+00
1.017488e+01	8.574987e+00
1.018369e+01	8.600735e+00
1.019250e+01	8.624951e+00
1.020132e+01	8.647653e+00
1.021013e+01	8.668856e+00
1.021894e+01	8.688577e+00
1.022334e+01	8.697886e+00
1.022775e+01	8.706830e+00
1.023216e+01	8.715412e+00
1.023656e+01	8.723632e+00
1.024043e+01	8.730551e+00
1.024430e+01	8.737194e+00
1.024816e+01	8.743563e+00
1.025203e+01	8.749658e+00
1.025590e+01	8.755482e+00
1.025976e+01	8.761035e+00
1.026363e+01	8.766317e+00
1.026750e+01	8.771331e+00
1.027136e+01	8.776077e+00
1.027523e+01	8.780556e+00
1.027910e+01	8.784769e+00
1.028296e+01	8.788716e+00
1.028683e+01	8.792399e+00
1.029070e+01	8.795818e+00
1.029456e+01	8.798974e+00
1.029843e+01	8.801868e+00
1.030071e+01	8.803451e+00
1.030299e+01	8.804944e+00
1.030527e+01	8.806346e+00
1.030755e+01	8.807657e+00
1.030983e+01	8.808877e+00
1.031211e+01	8.810007e+00
1.031439e+01	8.811047e+00
1.031667e+01	8.811996e+00
1.031895e+01	8.812856e+00
1.032122e+01	8.813625e+00
1.032350e+01	8.814304e+00
1.032578e+01	8.814892e+00
1.032806e+01	8.815391e+00
1.033034e+01	8.815800e+00
1.033262e+01	8.816119e+00
1.033490e+01	8.816348e+00
1.033718e+01	8.816487e+00
1.033946e+01	8.816536e+00
1.034060e+01	8.816527e+00
1.034174e+01	8.816495e+00
1.034402e+01	8.816364e+00
1.034630e+01	8.816144e+00
1.034858e+01	8.815833e+00
1.035086e+01	8.815433e+00
1.035314e+01	8.814942e+00
1.035542e+01	8.814362e+00
1.035770e+01	8.813691e+00
1.035998e+01	8.812931e+00
1.036226e+01	8.812080e+00
1.036454e+01	8.811139e+00
1.036682e+01	8.810107e+00
1.036910e+01	8.808986e+00
1.037138e+01	8.807773e+00
1.037540e+01	8.805413e+00
1.037942e+01	8.802770e+00
1.038345e+01	8.799844e+00
1.038747e+01	8.796633e+00
1.039149e+01	8.793138e+00
1.039551e+01	8.789358e+00
1.039954e+01	8.785291e+00
1.040356e+01	8.780938e+00
1.040758e+01	8.776296e+00
1.041161e+01	8.771364e+00
1.041563e+01	8.766143e+00
1.041965e+01	8.760630e+00
1.042368e+01	8.754825e+00
1.042770e+01	8.748726e+00
1.043172e+01	8.742332e+00
1.043574e+01	8.735642e+00
1.044356e+01	8.721786e+00
1.044747e+01	8.714434e+00
1.045138e+01	8.706797e+00
1.045920e+01	8.690663e+00
1.046702e+01	8.673374e+00
1.047484e+01	8.654918e+00
1.048266e+01	8.635286e+00
1.049048e+01	8.614464e+00
1.049830e+01	8.592442e+00
1.050668e+01	8.567492e+00
1.051506e+01	8.541136e+00
1.052344e+01	8.513360e+00
1.053182e+01	8.484149e+00
1.054020e+01	8.453489e+00
1.054858e+01	8.421367e+00
1.055696e+01	8.387768e+00
1.056535e+01	8.352680e+00
1.057396e+01	8.315028e+00
1.058258e+01	8.275770e+00
1.059120e+01	8.234890e+00
1.059982e+01	8.192371e+00
1.060844e+01	8.148196e+00
1.061706e+01	8.102345e+00
1.062567e+01	8.054800e+00
1.063429e+01	8.005538e+00
1.065027e+01	7.909596e+00
1.066624e+01	7.807500e+00
1.067423e+01	7.754083e+00
1.068222e+01	7.699049e+00
1.069819e+01	7.584015e+00
1.071610e+01	7.446940e+00
1.072505e+01	7.375075e+00
1.073401e+01	7.300940e+00
1.075192e+01	7.145757e+00
1.076982e+01	6.981359e+00
1.078615e+01	6.823797e+00
1.080247e+01	6.659757e+00
1.081880e+01	6.490744e+00
1.083512e+01	6.318954e+00
1.085244e+01	6.136716e+00
1.086975e+01	5.957601e+00
1.088706e+01	5.784317e+00
1.090438e+01	5.618703e+00
1.092133e+01	5.464944e+00
1.093828e+01	5.319802e+00
1.095523e+01	5.183222e+00
1.097218e+01	5.054956e+00
1.098020e+01	4.997038e+00
1.098823e+01	4.940873e+00
1.099625e+01	4.886427e+00
1.100428e+01	4.833665e+00
1.102033e+01	4.733063e+00
1.102835e+01	4.685164e+00
1.103638e+01	4.638828e+00
1.104494e+01	4.591065e+00
1.105351e+01	4.545028e+00
1.106207e+01	4.500690e+00
1.107064e+01	4.458029e+00
1.107921e+01	4.417023e+00
1.108777e+01	4.377649e+00
1.109634e+01	4.339889e+00
1.110491e+01	4.303725e+00
1.111273e+01	4.272065e+00
1.112056e+01	4.241709e+00
1.112838e+01	4.212644e+00
1.113621e+01	4.184859e+00
1.114404e+01	4.158341e+00
1.115186e+01	4.133079e+00
1.115969e+01	4.109062e+00
1.116751e+01	4.086277e+00
1.117656e+01	4.061472e+00
1.118560e+01	4.038282e+00
1.119012e+01	4.027287e+00
1.119464e+01	4.016689e+00
1.119916e+01	4.006486e+00
1.120368e+01	3.996677e+00
1.120820e+01	3.987259e+00
1.121273e+01	3.978231e+00
1.121725e+01	3.969591e+00
1.122177e+01	3.961336e+00
1.122629e+01	3.953466e+00
1.123081e+01	3.945978e+00
1.123533e+01	3.938871e+00
1.123985e+01	3.932143e+00
1.124384e+01	3.926522e+00
1.124783e+01	3.921195e+00
1.125181e+01	3.916159e+00
1.125580e+01	3.911414e+00
1.125979e+01	3.906959e+00
1.126378e+01	3.902793e+00
1.126776e+01	3.898916e+00
1.127175e+01	3.895326e+00
1.127574e+01	3.892024e+00
1.127973e+01	3.889007e+00
1.128371e+01	3.886277e+00
1.128770e+01	3.883831e+00
1.128970e+01	3.882716e+00
1.129169e+01	3.881671e+00
1.129368e+01	3.880697e+00
1.129568e+01	3.879794e+00
1.129767e+01	3.878963e+00
1.129966e+01	3.878202e+00
1.130166e+01	3.877512e+00
1.130365e+01	3.876893e+00
1.130577e+01	3.876313e+00
1.130789e+01	3.875813e+00
1.131000e+01	3.875393e+00
1.131212e+01	3.875053e+00
1.131424e+01	3.874793e+00
1.131635e+01	3.874612e+00
1.131847e+01	3.874511e+00
1.132059e+01	3.874489e+00
1.132271e+01	3.874548e+00
1.132482e+01	3.874686e+00
1.132694e+01	3.874904e+00
1.132906e+01	3.875201e+00
1.133117e+01	3.875579e+00
1.133329e+01	3.876036e+00
1.133541e+01	3.876573e+00
1.133753e+01	3.877190e+00
1.133964e+01	3.877887e+00
1.134176e+01	3.878664e+00
1.134388e+01	3.879520e+00
1.134599e+01	3.880457e+00
1.134811e+01	3.881474e+00
1.135023e+01	3.882571e+00
1.135235e+01	3.883748e+00
1.135446e+01	3.885006e+00
1.135870e+01	3.887762e+00
1.136293e+01	3.890840e+00
1.136717e+01	3.894241e+00
1.137140e+01	3.897965e+00
1.137549e+01	3.901868e+00
1.137957e+01	3.906073e+00
1.138366e+01	3.910583e+00
1.138775e+01	3.915397e+00
1.139184e+01	3.920517e+00
1.139592e+01	3.925943e+00
1.140001e+01	3.931677e+00
1.140410e+01	3.937720e+00
1.140819e+01	3.944073e+00
1.141227e+01	3.950737e+00
1.141636e+01	3.957714e+00
1.142045e+01	3.965004e+00
1.142454e+01	3.972609e+00
1.142862e+01	3.980530e+00
1.143271e+01	3.988769e+00
1.143680e+01	3.997326e+00
1.144512e+01	4.015736e+00
1.145344e+01	4.035485e+00
1.146176e+01	4.056587e+00
1.147008e+01	4.079054e+00
1.147839e+01	4.102899e+00
1.148671e+01	4.128136e+00
1.149503e+01	4.154778e+00
1.150335e+01	4.182840e+00
1.151216e+01	4.214113e+00
1.152097e+01	4.247009e+00
1.152978e+01	4.281547e+00
1.153859e+01	4.317745e+00
1.154739e+01	4.355622e+00
1.155620e+01	4.395197e+00
1.156501e+01	4.436490e+00
1.157382e+01	4.479524e+00
1.158213e+01	4.521739e+00
1.159044e+01	4.565543e+00
1.159875e+01	4.610960e+00
1.160705e+01	4.658014e+00
1.161536e+01	4.706730e+00
1.162367e+01	4.757137e+00
1.163198e+01	4.809263e+00
1.164029e+01	4.863142e+00
1.165599e+01	4.969817e+00
1.167168e+01	5.083110e+00
1.168738e+01	5.203272e+00
1.170308e+01	5.330529e+00
1.172130e+01	5.487394e+00
1.173953e+01	5.653984e+00
1.175775e+01	5.829702e+00
1.177598e+01	6.013096e+00
1.179272e+01	6.186156e+00
1.180946e+01	6.360952e+00
1.182619e+01	6.534560e+00
1.184293e+01	6.704280e+00
1.185836e+01	6.855462e+00
1.187379e+01	7.000516e+00
1.188922e+01	7.138880e+00
1.190464e+01	7.270348e+00
1.191360e+01	7.343506e+00
1.192255e+01	7.414373e+00
1.193151e+01	7.482988e+00
1.194046e+01	7.549390e+00
1.194942e+01	7.613624e+00
1.195838e+01	7.675733e+00
1.196733e+01	7.735759e+00
1.197629e+01	7.793743e+00
1.198452e+01	7.845266e+00
1.199275e+01	7.895123e+00
1.200098e+01	7.943339e+00
1.200921e+01	7.989938e+00
1.201744e+01	8.034939e+00
1.202567e+01	8.078364e+00
1.203390e+01	8.120229e+00
1.204213e+01	8.160552e+00
1.205031e+01	8.199092e+00
1.205848e+01	8.236140e+00
1.206666e+01	8.271708e+00
1.207483e+01	8.305811e+00
1.208301e+01	8.338460e+00
1.209119e+01	8.369669e+00
1.209936e+01	8.399447e+00
1.210754e+01	8.427808e+00
1.211581e+01	8.455085e+00
1.212409e+01	8.480933e+00
1.213236e+01	8.505364e+00
1.214064e+01	8.528392e+00
1.214891e+01	8.550027e+00
1.215719e+01	8.570282e+00
1.216546e+01	8.589168e+00
1.217374e+01	8.606697e+00
1.217787e+01	8.614946e+00
1.218200e+01	8.622860e+00
1.218614e+01	8.630442e+00
1.219027e+01	8.637692e+00
1.219440e+01	8.644612e+00
1.219853e+01	8.651203e+00
1.220267e+01	8.657466e+00
1.220680e+01	8.663402e+00
1.221093e+01	8.669012e+00
1.221506e+01	8.674299e+00
1.221920e+01	8.679262e+00
1.222333e+01	8.683902e+00
1.222746e+01	8.688222e+00
1.223159e+01	8.692221e+00
1.223573e+01	8.695900e+00
1.223986e+01	8.699260e+00
1.224206e+01	8.700919e+00
1.224426e+01	8.702487e+00
1.224646e+01	8.703966e+00
1.224865e+01	8.705355e+00
1.225085e+01	8.706655e+00
1.225305e+01	8.707864e+00
1.225525e+01	8.708985e+00
1.225745e+01	8.710016e+00
1.225965e+01	8.710957e+00
1.226185e+01	8.711809e+00
1.226405e+01	8.712572e+00
1.226625e+01	8.713246e+00
1.226845e+01	8.713831e+00
1.227065e+01	8.714327e+00
1.227284e+01	8.714733e+00
1.227504e+01	8.715051e+00
1.227724e+01	8.715280e+00
1.227944e+01	8.715420e+00
1.228164e+01	8.715471e+00
1.228384e+01	8.715433e+00
1.228604e+01	8.715306e+00
1.228824e+01	8.715090e+00
1.229044e+01	8.714786e+00
1.229264e+01	8.714393e+00
1.229484e+01	8.713910e+00
1.229704e+01	8.713339e+00
1.229923e+01	8.712679e+00
1.230143e+01	8.711930e+00
1.230363e+01	8.711092e+00
1.230583e+01	8.710165e+00
1.230803e+01	8.709149e+00
1.231023e+01	8.708044e+00
1.231221e+01	8.706972e+00
1.231419e+01	8.705828e+00
1.231617e+01	8.704611e+00
1.231816e+01	8.703322e+00
1.232212e+01	8.700526e+00
1.232608e+01	8.697439e+00
1.233004e+01	8.694061e+00
1.233401e+01	8.690392e+00
1.233797e+01	8.686430e+00
1.234193e+01	8.682176e+00
1.234589e+01	8.677628e+00
1.234986e+01	8.672786e+00
1.235382e+01	8.667648e+00
1.235778e+01	8.662215e+00
1.236174e+01	8.656485e+00
1.236571e+01	8.650458e+00
1.236967e+01	8.644132e+00
1.237363e+01	8.637506e+00
1.237809e+01	8.629700e+00
1.238254e+01	8.621513e+00
1.238700e+01	8.612943e+00
1.239145e+01	8.603988e+00
1.239590e+01	8.594649e+00
1.240036e+01	8.584921e+00
1.240481e+01	8.574805e+00
1.240927e+01	8.564297e+00
1.241818e+01	8.542104e+00
1.242708e+01	8.518326e+00
1.243599e+01	8.492950e+00
1.244490e+01	8.465960e+00
1.245303e+01	8.439913e+00
1.246116e+01	8.412498e+00
1.246929e+01	8.383705e+00
1.247742e+01	8.353520e+00
1.248554e+01	8.321933e+00
1.249367e+01	8.288931e+00
1.250180e+01	8.254500e+00
1.250993e+01	8.218628e+00
1.251851e+01	8.179173e+00
1.252709e+01	8.138078e+00
1.253568e+01	8.095324e+00
1.254426e+01	8.050893e+00
1.255284e+01	8.004762e+00
1.256143e+01	7.956908e+00
1.257001e+01	7.907306e+00
1.257859e+01	7.855929e+00
1.259463e+01	7.755044e+00
1.260265e+01	7.702169e+00
1.261067e+01	7.647633e+00
1.262671e+01	7.533450e+00
1.264275e+01	7.412233e+00
1.265845e+01	7.286559e+00
1.267414e+01	7.153724e+00
1.268984e+01	7.013666e+00
1.270554e+01	6.866562e+00
1.272252e+01	6.700108e+00
1.273950e+01	6.527446e+00
1.275649e+01	6.350767e+00
1.277347e+01	6.172919e+00
1.279136e+01	5.987613e+00
1.280926e+01	5.807543e+00
1.282716e+01	5.634957e+00
1.284505e+01	5.471131e+00
1.286105e+01	5.332480e+00
1.287706e+01	5.201268e+00
1.289306e+01	5.077344e+00
1.290906e+01	4.960479e+00
1.291741e+01	4.902245e+00
1.292575e+01	4.845827e+00
1.293410e+01	4.791192e+00
1.294244e+01	4.738309e+00
1.295079e+01	4.687148e+00
1.295914e+01	4.637682e+00
1.296748e+01	4.589887e+00
1.297583e+01	4.543740e+00
1.298455e+01	4.497279e+00
1.299326e+01	4.452572e+00
1.300198e+01	4.409601e+00
1.301070e+01	4.368346e+00
1.301942e+01	4.328793e+00
1.302813e+01	4.290924e+00
1.303685e+01	4.254726e+00
1.304557e+01	4.220185e+00
1.305323e+01	4.191170e+00
1.306090e+01	4.163416e+00
1.306856e+01	4.136916e+00
1.307623e+01	4.111659e+00
1.308389e+01	4.087637e+00
1.309156e+01	4.064842e+00
1.309922e+01	4.043264e+00
1.310689e+01	4.022897e+00
1.311155e+01	4.011111e+00
1.311620e+01	3.999768e+00
1.312086e+01	3.988863e+00
1.312551e+01	3.978396e+00
1.313017e+01	3.968365e+00
1.313483e+01	3.958768e+00
1.313948e+01	3.949604e+00
1.314414e+01	3.940870e+00
1.314879e+01	3.932564e+00
1.315345e+01	3.924686e+00
1.315811e+01	3.917234e+00
1.316276e+01	3.910206e+00
1.316742e+01	3.903601e+00
1.317207e+01	3.897417e+00
1.317673e+01	3.891653e+00
1.318139e+01	3.886308e+00
1.318514e+01	3.882304e+00
1.318889e+01	3.878570e+00
1.319265e+01	3.875107e+00
1.319640e+01	3.871913e+00
1.320015e+01	3.868989e+00
1.320390e+01	3.866333e+00
1.320766e+01	3.863946e+00
1.321141e+01	3.861827e+00
1.321329e+01	3.860868e+00
1.321516e+01	3.859975e+00
1.321704e+01	3.859150e+00
1.321892e+01	3.858391e+00
1.322079e+01	3.857699e+00
1.322267e+01	3.857074e+00
1.322455e+01	3.856516e+00
1.322642e+01	3.856024e+00
1.322830e+01	3.855599e+00
1.323018e+01	3.855241e+00
1.323205e+01	3.854949e+00
1.323393e+01	3.854724e+00
1.323580e+01	3.854566e+00
1.323768e+01	3.854475e+00
1.323956e+01	3.854450e+00
1.324143e+01	3.854491e+00
1.324353e+01	3.854617e+00
1.324564e+01	3.854827e+00
1.324774e+01	3.855119e+00
1.324984e+01	3.855496e+00
1.325194e+01	3.855956e+00
1.325404e+01	3.856499e+00
1.325614e+01	3.857127e+00
1.325824e+01	3.857838e+00
1.326034e+01	3.858632e+00
1.326244e+01	3.859511e+00
1.326454e+01	3.860473e+00
1.326664e+01	3.861519e+00
1.326874e+01	3.862649e+00
1.327084e+01	3.863862e+00
1.327294e+01	3.865160e+00
1.327504e+01	3.866542e+00
1.327924e+01	3.869559e+00
1.328344e+01	3.872912e+00
1.328764e+01	3.876604e+00
1.329184e+01	3.880634e+00
1.329605e+01	3.885003e+00
1.330025e+01	3.889713e+00
1.330445e+01	3.894764e+00
1.330865e+01	3.900156e+00
1.331302e+01	3.906126e+00
1.331738e+01	3.912468e+00
1.332175e+01	3.919183e+00
1.332612e+01	3.926272e+00
1.333048e+01	3.933736e+00
1.333485e+01	3.941578e+00
1.333922e+01	3.949798e+00
1.334358e+01	3.958398e+00
1.334795e+01	3.967378e+00
1.335232e+01	3.976742e+00
1.335669e+01	3.986490e+00
1.336105e+01	3.996623e+00
1.336979e+01	4.018053e+00
1.337852e+01	4.041044e+00
1.338643e+01	4.063220e+00
1.339434e+01	4.086696e+00
1.340225e+01	4.111482e+00
1.341016e+01	4.137587e+00
1.341806e+01	4.165021e+00
1.342597e+01	4.193794e+00
1.343388e+01	4.223916e+00
1.344179e+01	4.255396e+00
1.345073e+01	4.292644e+00
1.345968e+01	4.331657e+00
1.346862e+01	4.372452e+00
1.347756e+01	4.415045e+00
1.348651e+01	4.459453e+00
1.349545e+01	4.505695e+00
1.350439e+01	4.553793e+00
1.351334e+01	4.603770e+00
1.352197e+01	4.653800e+00
1.353060e+01	4.705628e+00
1.353923e+01	4.759279e+00
1.354786e+01	4.814782e+00
1.355649e+01	4.872168e+00
1.356512e+01	4.931472e+00
1.357375e+01	4.992727e+00
1.358238e+01	5.055970e+00
1.359755e+01	5.172101e+00
1.361273e+01	5.294665e+00
1.362790e+01	5.423779e+00
1.364308e+01	5.559438e+00
1.365988e+01	5.717014e+00
1.367668e+01	5.881546e+00
1.369349e+01	6.051565e+00
1.371029e+01	6.224859e+00
1.372845e+01	6.412645e+00
1.374662e+01	6.597400e+00
1.376478e+01	6.776043e+00
1.378294e+01	6.946463e+00
1.379940e+01	7.092858e+00
1.381586e+01	7.231257e+00
1.383232e+01	7.361669e+00
1.384878e+01	7.484284e+00
1.385693e+01	7.542165e+00
1.386507e+01	7.598233e+00
1.388137e+01	7.705072e+00
1.388951e+01	7.755907e+00
1.389766e+01	7.805060e+00
1.390581e+01	7.852557e+00
1.391395e+01	7.898426e+00
1.392249e+01	7.944795e+00
1.393103e+01	7.989428e+00
1.393958e+01	8.032342e+00
1.394812e+01	8.073565e+00
1.395666e+01	8.113118e+00
1.396520e+01	8.151013e+00
1.397374e+01	8.187270e+00
1.398228e+01	8.221907e+00
1.398988e+01	8.251370e+00
1.399748e+01	8.279571e+00
1.400507e+01	8.306525e+00
1.401267e+01	8.332235e+00
1.402027e+01	8.356713e+00
1.402786e+01	8.379971e+00
1.403546e+01	8.402012e+00
1.404306e+01	8.422855e+00
1.404770e+01	8.434989e+00
1.405234e+01	8.446681e+00
1.405698e+01	8.457928e+00
1.406161e+01	8.468736e+00
1.406625e+01	8.479106e+00
1.407089e+01	8.489039e+00
1.407553e+01	8.498536e+00
1.408017e+01	8.507599e+00
1.408481e+01	8.516230e+00
1.408945e+01	8.524430e+00
1.409409e+01	8.532203e+00
1.409872e+01	8.539547e+00
1.410336e+01	8.546465e+00
1.410800e+01	8.552959e+00
1.411264e+01	8.559029e+00
1.411728e+01	8.564676e+00
1.412123e+01	8.569157e+00
1.412519e+01	8.573333e+00
1.412914e+01	8.577203e+00
1.413309e+01	8.580769e+00
1.413704e+01	8.584033e+00
1.414100e+01	8.586995e+00
1.414495e+01	8.589652e+00
1.414890e+01	8.592009e+00
1.415088e+01	8.593075e+00
1.415286e+01	8.594064e+00
1.415483e+01	8.594978e+00
1.415681e+01	8.595817e+00
1.415879e+01	8.596580e+00
1.416076e+01	8.597269e+00
1.416274e+01	8.597883e+00
1.416472e+01	8.598421e+00
1.416669e+01	8.598884e+00
1.416867e+01	8.599272e+00
1.417065e+01	8.599586e+00
1.417262e+01	8.599822e+00
1.417460e+01	8.599986e+00
1.417658e+01	8.600073e+00
1.417855e+01	8.600085e+00
1.418053e+01	8.600023e+00
1.418266e+01	8.599871e+00
1.418478e+01	8.599634e+00
1.418691e+01	8.599308e+00
1.418904e+01	8.598896e+00
1.419117e+01	8.598396e+00
1.419329e+01	8.597810e+00
1.419542e+01	8.597137e+00
1.419755e+01	8.596377e+00
1.419968e+01	8.595529e+00
1.420180e+01	8.594596e+00
1.420393e+01	8.593574e+00
1.420606e+01	8.592464e+00
1.420819e+01	8.591268e+00
1.421031e+01	8.589984e+00
1.421244e+01	8.588612e+00
1.421457e+01	8.587154e+00
1.421882e+01	8.583976e+00
1.422308e+01	8.580446e+00
1.422733e+01	8.576563e+00
1.423159e+01	8.572329e+00
1.423584e+01	8.567745e+00
1.424010e+01	8.562805e+00
1.424435e+01	8.557511e+00
1.424861e+01	8.551862e+00
1.425268e+01	8.546118e+00
1.425675e+01	8.540047e+00
1.426083e+01	8.533647e+00
1.426490e+01	8.526917e+00
1.426898e+01	8.519859e+00
1.427305e+01	8.512469e+00
1.427713e+01	8.504747e+00
1.428120e+01	8.496692e+00
1.428935e+01	8.479584e+00
1.429750e+01	8.461113e+00
1.430565e+01	8.441293e+00
1.431380e+01	8.420118e+00
1.432214e+01	8.397011e+00
1.433048e+01	8.372443e+00
1.433882e+01	8.346419e+00
1.434716e+01	8.318928e+00
1.435550e+01	8.289938e+00
1.436384e+01	8.259439e+00
1.437218e+01	8.227443e+00
1.438052e+01	8.193913e+00
1.438888e+01	8.158711e+00
1.439725e+01	8.121969e+00
1.440561e+01	8.083631e+00
1.441398e+01	8.043689e+00
1.442235e+01	8.002134e+00
1.443071e+01	7.958934e+00
1.443908e+01	7.914075e+00
1.444744e+01	7.867534e+00
1.445605e+01	7.817870e+00
1.446466e+01	7.766368e+00
1.447326e+01	7.712993e+00
1.448187e+01	7.657715e+00
1.449048e+01	7.600500e+00
1.449908e+01	7.541307e+00
1.450769e+01	7.480094e+00
1.451629e+01	7.416834e+00
1.453318e+01	7.286601e+00
1.455007e+01	7.148106e+00
1.456695e+01	7.001271e+00
1.458384e+01	6.846330e+00
1.460006e+01	6.690510e+00
1.461628e+01	6.529050e+00
1.463250e+01	6.363809e+00
1.464871e+01	6.197137e+00
1.466620e+01	6.018812e+00
1.468369e+01	5.844772e+00
1.470118e+01	5.677247e+00
1.471867e+01	5.517639e+00
1.473428e+01	5.382482e+00
1.474988e+01	5.254237e+00
1.476549e+01	5.132927e+00
1.478110e+01	5.018335e+00
1.478920e+01	4.961446e+00
1.479730e+01	4.906288e+00
1.481350e+01	4.801063e+00
1.482160e+01	4.750950e+00
1.482970e+01	4.702456e+00
1.483780e+01	4.655568e+00
1.484590e+01	4.610261e+00
1.485422e+01	4.565344e+00
1.486254e+01	4.522059e+00
1.487086e+01	4.480403e+00
1.487919e+01	4.440328e+00
1.488751e+01	4.401848e+00
1.489583e+01	4.364947e+00
1.490416e+01	4.329612e+00
1.491248e+01	4.295825e+00
1.492181e+01	4.259762e+00
1.493115e+01	4.225630e+00
1.494048e+01	4.193394e+00
1.494981e+01	4.163068e+00
1.495915e+01	4.134606e+00
1.496848e+01	4.108007e+00
1.497315e+01	4.095411e+00
1.497781e+01	4.083272e+00
1.498715e+01	4.060372e+00
1.499129e+01	4.050789e+00
1.499543e+01	4.041575e+00
1.500371e+01	4.024214e+00
1.500785e+01	4.016052e+00
1.501199e+01	4.008267e+00
1.501613e+01	4.000813e+00
1.502028e+01	3.993720e+00
1.502442e+01	3.986985e+00
1.502856e+01	3.980586e+00
1.503270e+01	3.974540e+00
1.503684e+01	3.968842e+00
1.504098e+01	3.963504e+00
1.504512e+01	3.958504e+00
1.504926e+01	3.953828e+00
1.505340e+01	3.949513e+00
1.505757e+01	3.945516e+00
1.506174e+01	3.941877e+00
1.506591e+01	3.938565e+00
1.507008e+01	3.935608e+00
1.507216e+01	3.934257e+00
1.507425e+01	3.932991e+00
1.507633e+01	3.931823e+00
1.507842e+01	3.930730e+00
1.508050e+01	3.929725e+00
1.508258e+01	3.928805e+00
1.508467e+01	3.927972e+00
1.508675e+01	3.927243e+00
1.508884e+01	3.926572e+00
1.509092e+01	3.925996e+00
1.509301e+01	3.925513e+00
1.509509e+01	3.925107e+00
1.509718e+01	3.924796e+00
1.509926e+01	3.924564e+00
1.510135e+01	3.924420e+00
1.510343e+01	3.924364e+00
1.510551e+01	3.924386e+00
1.510760e+01	3.924494e+00
1.510968e+01	3.924702e+00
1.511177e+01	3.924987e+00
1.511385e+01	3.925374e+00
1.511594e+01	3.925815e+00
1.511802e+01	3.926352e+00
1.512011e+01	3.926984e+00
1.512223e+01	3.927708e+00
1.512435e+01	3.928526e+00
1.512648e+01	3.929437e+00
1.512860e+01	3.930446e+00
1.513072e+01	3.931513e+00
1.513285e+01	3.932692e+00
1.513497e+01	3.933956e+00
1.513709e+01	3.935309e+00
1.514134e+01	3.938282e+00
1.514559e+01	3.941603e+00
1.514984e+01	3.945304e+00
1.515408e+01	3.949354e+00
1.515833e+01	3.953764e+00
1.516258e+01	3.958518e+00
1.516683e+01	3.963655e+00
1.517107e+01	3.969147e+00
1.517532e+01	3.974990e+00
1.517957e+01	3.981207e+00
1.518381e+01	3.987787e+00
1.518806e+01	3.994757e+00
1.519198e+01	4.001494e+00
1.519590e+01	4.008534e+00
1.519982e+01	4.015904e+00
1.520375e+01	4.023559e+00
1.521159e+01	4.039895e+00
1.521943e+01	4.057422e+00
1.522727e+01	4.076262e+00
1.523511e+01	4.096387e+00
1.524295e+01	4.117814e+00
1.525080e+01	4.140512e+00
1.525935e+01	4.166776e+00
1.526789e+01	4.194583e+00
1.527644e+01	4.223945e+00
1.528499e+01	4.254909e+00
1.529354e+01	4.287504e+00
1.530209e+01	4.321643e+00
1.531064e+01	4.357454e+00
1.531919e+01	4.394900e+00
1.532766e+01	4.433594e+00
1.533612e+01	4.473922e+00
1.534459e+01	4.515906e+00
1.535306e+01	4.559553e+00
1.536153e+01	4.604893e+00
1.537000e+01	4.651955e+00
1.537847e+01	4.700701e+00
1.538694e+01	4.751246e+00
1.540261e+01	4.849464e+00
1.541829e+01	4.953998e+00
1.543396e+01	5.065036e+00
1.544964e+01	5.182797e+00
1.546620e+01	5.314686e+00
1.548276e+01	5.454463e+00
1.549932e+01	5.602107e+00
1.551588e+01	5.757255e+00
1.553251e+01	5.919783e+00
1.554914e+01	6.087518e+00
1.556577e+01	6.258248e+00
1.558240e+01	6.429265e+00
1.559928e+01	6.600355e+00
1.561616e+01	6.766488e+00
1.563304e+01	6.925907e+00
1.564992e+01	7.077595e+00
1.566718e+01	7.224250e+00
1.568444e+01	7.362211e+00
1.569307e+01	7.428159e+00
1.570170e+01	7.491936e+00
1.571033e+01	7.553673e+00
1.571896e+01	7.613406e+00
1.572750e+01	7.670604e+00
1.573604e+01	7.725877e+00
1.574458e+01	7.779306e+00
1.575312e+01	7.830907e+00
1.576166e+01	7.880719e+00
1.577020e+01	7.928738e+00
1.577875e+01	7.974961e+00
1.578729e+01	8.019518e+00
1.579521e+01	8.059313e+00
1.580313e+01	8.097615e+00
1.581105e+01	8.134452e+00
1.581896e+01	8.169894e+00
1.582688e+01	8.203913e+00
1.583480e+01	8.236527e+00
1.584272e+01	8.267703e+00
1.585064e+01	8.297544e+00
1.585949e+01	8.329173e+00
1.586834e+01	8.359122e+00
1.587718e+01	8.387392e+00
1.588603e+01	8.413931e+00
1.589487e+01	8.438798e+00
1.590372e+01	8.462000e+00
1.590814e+01	8.472975e+00
1.591257e+01	8.483529e+00
1.591699e+01	8.493682e+00
1.592141e+01	8.503436e+00
1.592553e+01	8.512129e+00
1.592965e+01	8.520474e+00
1.593376e+01	8.528464e+00
1.593788e+01	8.536096e+00
1.594200e+01	8.543390e+00
1.594612e+01	8.550326e+00
1.595023e+01	8.556912e+00
1.595435e+01	8.563147e+00
1.595847e+01	8.569039e+00
1.596259e+01	8.574582e+00
1.596670e+01	8.579776e+00
1.597082e+01	8.584625e+00
1.597494e+01	8.589128e+00
1.597906e+01	8.593288e+00
1.598317e+01	8.597104e+00
1.598729e+01	8.600570e+00
1.599125e+01	8.603577e+00
1.599521e+01	8.606279e+00
1.599719e+01	8.607509e+00
1.599917e+01	8.608658e+00
1.600115e+01	8.609727e+00
1.600313e+01	8.610718e+00
1.600510e+01	8.611639e+00
1.600708e+01	8.612457e+00
1.600906e+01	8.613222e+00
1.601104e+01	8.613898e+00
1.601302e+01	8.614492e+00
1.601500e+01	8.615005e+00
1.601698e+01	8.615450e+00
1.601896e+01	8.615809e+00
1.602094e+01	8.616091e+00
1.602292e+01	8.616288e+00
1.602490e+01	8.616419e+00
1.602688e+01	8.616464e+00
1.602886e+01	8.616423e+00
1.603083e+01	8.616317e+00
1.603281e+01	8.616129e+00
1.603479e+01	8.615844e+00
1.603677e+01	8.615502e+00
1.603875e+01	8.615080e+00
1.604073e+01	8.614569e+00
1.604271e+01	8.613983e+00
1.604469e+01	8.613340e+00
1.604667e+01	8.612561e+00
1.604865e+01	8.611750e+00
1.605063e+01	8.610857e+00
1.605276e+01	8.609772e+00
1.605489e+01	8.608635e+00
1.605702e+01	8.607377e+00
1.605915e+01	8.606018e+00
1.606341e+01	8.603094e+00
1.606554e+01	8.601469e+00
1.606768e+01	8.599791e+00
1.607194e+01	8.596103e+00
1.607620e+01	8.592026e+00
1.608046e+01	8.587635e+00
1.608472e+01	8.582843e+00
1.608899e+01	8.577673e+00
1.609325e+01	8.572121e+00
1.609751e+01	8.566233e+00
1.610177e+01	8.559927e+00
1.610604e+01	8.553285e+00
1.611030e+01	8.546252e+00
1.611456e+01	8.538849e+00
1.611882e+01	8.531055e+00
1.612286e+01	8.523338e+00
1.612690e+01	8.515244e+00
1.613094e+01	8.506828e+00
1.613498e+01	8.498049e+00
1.614306e+01	8.479527e+00
1.615114e+01	8.459622e+00
1.615923e+01	8.438265e+00
1.616731e+01	8.415542e+00
1.617539e+01	8.391448e+00
1.618347e+01	8.365853e+00
1.619234e+01	8.336222e+00
1.620122e+01	8.304750e+00
1.621009e+01	8.271571e+00
1.621896e+01	8.236735e+00
1.622784e+01	8.199977e+00
1.623671e+01	8.161529e+00
1.624558e+01	8.121215e+00
1.625446e+01	8.079144e+00
1.626277e+01	8.038150e+00
1.627107e+01	7.995479e+00
1.627938e+01	7.951177e+00
1.628769e+01	7.905220e+00
1.629600e+01	7.857546e+00
1.630431e+01	7.808231e+00
1.631261e+01	7.757133e+00
1.632092e+01	7.704282e+00
1.632972e+01	7.646617e+00
1.633852e+01	7.586855e+00
1.634732e+01	7.524937e+00
1.635612e+01	7.461002e+00
1.637372e+01	7.326722e+00
1.639132e+01	7.183697e+00
1.640725e+01	7.046805e+00
1.642318e+01	6.902967e+00
1.643910e+01	6.752597e+00
1.645503e+01	6.596732e+00
1.647193e+01	6.427064e+00
1.648883e+01	6.255379e+00
1.650573e+01	6.084702e+00
1.652263e+01	5.917558e+00
1.653928e+01	5.758462e+00
1.655594e+01	5.606444e+00
1.657260e+01	5.462172e+00
1.658925e+01	5.325968e+00
1.660480e+01	5.206046e+00
1.662036e+01	5.092974e+00
1.663591e+01	4.986651e+00
1.665146e+01	4.886761e+00
1.666071e+01	4.830342e+00
1.666996e+01	4.776109e+00
1.667921e+01	4.724014e+00
1.668846e+01	4.674026e+00
1.669771e+01	4.626118e+00
1.670696e+01	4.580239e+00
1.671621e+01	4.536387e+00
1.672546e+01	4.494593e+00
1.673307e+01	4.461595e+00
1.674069e+01	4.429890e+00
1.674831e+01	4.399543e+00
1.675593e+01	4.370516e+00
1.676355e+01	4.342775e+00
1.677117e+01	4.316369e+00
1.677879e+01	4.291169e+00
1.678641e+01	4.267282e+00
1.679552e+01	4.240367e+00
1.680464e+01	4.215279e+00
1.680919e+01	4.203369e+00
1.681375e+01	4.191930e+00
1.681831e+01	4.180960e+00
1.682286e+01	4.170375e+00
1.682742e+01	4.160289e+00
1.683198e+01	4.150595e+00
1.683654e+01	4.141350e+00
1.684109e+01	4.132548e+00
1.684565e+01	4.124187e+00
1.685021e+01	4.116257e+00
1.685476e+01	4.108766e+00
1.685932e+01	4.101688e+00
1.686322e+01	4.095987e+00
1.686713e+01	4.090584e+00
1.687103e+01	4.085506e+00
1.687493e+01	4.080743e+00
1.687884e+01	4.076296e+00
1.688274e+01	4.072169e+00
1.688665e+01	4.068332e+00
1.689055e+01	4.064820e+00
1.689445e+01	4.061613e+00
1.689836e+01	4.058724e+00
1.690226e+01	4.056147e+00
1.690421e+01	4.054970e+00
1.690616e+01	4.053865e+00
1.690812e+01	4.052852e+00
1.691007e+01	4.051930e+00
1.691202e+01	4.051067e+00
1.691397e+01	4.050278e+00
1.691592e+01	4.049580e+00
1.691787e+01	4.048933e+00
1.691983e+01	4.048394e+00
1.692178e+01	4.047913e+00
1.692380e+01	4.047498e+00
1.692583e+01	4.047165e+00
1.692786e+01	4.046924e+00
1.692988e+01	4.046766e+00
1.693191e+01	4.046697e+00
1.693394e+01	4.046704e+00
1.693596e+01	4.046762e+00
1.693799e+01	4.046951e+00
1.694002e+01	4.047213e+00
1.694204e+01	4.047563e+00
1.694407e+01	4.047977e+00
1.694609e+01	4.048457e+00
1.694812e+01	4.049044e+00
1.695015e+01	4.049749e+00
1.695217e+01	4.050511e+00
1.695420e+01	4.051351e+00
1.695623e+01	4.052242e+00
1.695825e+01	4.053260e+00
1.696028e+01	4.054345e+00
1.696231e+01	4.055535e+00
1.696636e+01	4.058147e+00
1.697041e+01	4.061056e+00
1.697446e+01	4.064337e+00
1.697852e+01	4.067928e+00
1.698257e+01	4.071863e+00
1.698662e+01	4.076127e+00
1.699102e+01	4.081173e+00
1.699542e+01	4.086595e+00
1.699982e+01	4.092351e+00
1.700422e+01	4.098599e+00
1.700861e+01	4.105243e+00
1.701301e+01	4.112273e+00
1.701741e+01	4.119687e+00
1.702181e+01	4.127500e+00
1.702621e+01	4.135738e+00
1.703061e+01	4.144375e+00
1.703500e+01	4.153360e+00
1.703940e+01	4.162849e+00
1.704820e+01	4.182878e+00
1.705260e+01	4.193580e+00
1.705700e+01	4.204686e+00
1.706512e+01	4.226241e+00
1.707325e+01	4.249289e+00
1.708137e+01	4.273691e+00
1.708950e+01	4.299487e+00
1.709763e+01	4.326790e+00
1.710575e+01	4.355551e+00
1.711388e+01	4.385791e+00
1.712200e+01	4.417481e+00
1.713050e+01	4.452247e+00
1.713899e+01	4.488651e+00
1.714749e+01	4.526724e+00
1.715598e+01	4.566505e+00
1.716448e+01	4.607865e+00
1.717297e+01	4.651022e+00
1.718147e+01	4.695901e+00
1.718997e+01	4.742600e+00
1.719869e+01	4.792295e+00
1.720741e+01	4.843981e+00
1.721613e+01	4.897554e+00
1.722485e+01	4.953117e+00
1.723357e+01	5.010725e+00
1.724229e+01	5.070367e+00
1.725101e+01	5.132145e+00
1.725973e+01	5.195952e+00
1.727598e+01	5.320666e+00
1.729222e+01	5.453081e+00
1.730847e+01	5.593024e+00
1.732472e+01	5.740396e+00
1.734078e+01	5.892727e+00
1.735685e+01	6.050464e+00
1.737292e+01	6.211747e+00
1.738899e+01	6.374307e+00
1.740560e+01	6.541276e+00
1.742222e+01	6.704468e+00
1.743883e+01	6.862049e+00
1.745544e+01	7.012877e+00
1.747194e+01	7.155178e+00
1.748844e+01	7.289833e+00
1.750494e+01	7.416861e+00
1.752144e+01	7.536415e+00
1.753027e+01	7.597410e+00
1.753910e+01	7.656356e+00
1.754793e+01	7.713286e+00
1.755676e+01	7.768232e+00
1.756559e+01	7.821221e+00
1.757442e+01	7.872281e+00
1.758326e+01	7.921437e+00
1.759209e+01	7.968712e+00
1.760051e+01	8.012071e+00
1.760894e+01	8.053752e+00
1.761736e+01	8.093769e+00
1.762578e+01	8.132134e+00
1.763421e+01	8.168859e+00
1.764263e+01	8.203956e+00
1.765106e+01	8.237434e+00
1.765948e+01	8.269302e+00
1.766768e+01	8.298782e+00
1.767588e+01	8.326753e+00
1.768408e+01	8.353225e+00
1.769228e+01	8.378205e+00
1.770048e+01	8.401699e+00
1.770867e+01	8.423717e+00
1.771687e+01	8.444264e+00
1.772507e+01	8.463348e+00
1.772928e+01	8.472585e+00
1.773350e+01	8.481439e+00
1.773771e+01	8.489911e+00
1.774192e+01	8.498001e+00
1.774613e+01	8.505710e+00
1.775034e+01	8.513039e+00
1.775456e+01	8.519989e+00
1.775877e+01	8.526561e+00
1.776298e+01	8.532756e+00
1.776719e+01	8.538573e+00
1.777140e+01	8.544015e+00
1.777562e+01	8.549081e+00
1.777983e+01	8.553773e+00
1.778404e+01	8.558090e+00
1.778825e+01	8.562034e+00
1.779246e+01	8.565605e+00
1.779643e+01	8.568630e+00
1.780041e+01	8.571325e+00
1.780239e+01	8.572549e+00
1.780438e+01	8.573690e+00
1.780636e+01	8.574748e+00
1.780835e+01	8.575724e+00
1.781033e+01	8.576618e+00
1.781232e+01	8.577429e+00
1.781430e+01	8.578158e+00
1.781629e+01	8.578805e+00
1.781827e+01	8.579369e+00
1.782026e+01	8.579852e+00
1.782224e+01	8.580251e+00
1.782423e+01	8.580569e+00
1.782621e+01	8.580804e+00
1.782820e+01	8.580958e+00
1.783018e+01	8.581029e+00
1.783217e+01	8.581018e+00
1.783416e+01	8.580924e+00
1.783614e+01	8.580749e+00
1.783813e+01	8.580491e+00
1.784011e+01	8.580151e+00
1.784210e+01	8.579729e+00
1.784408e+01	8.579225e+00
1.784607e+01	8.578639e+00
1.784805e+01	8.577970e+00
1.785004e+01	8.577219e+00
1.785202e+01	8.576386e+00
1.785401e+01	8.575471e+00
1.785599e+01	8.574474e+00
1.785823e+01	8.573250e+00
1.786047e+01	8.571922e+00
1.786271e+01	8.570490e+00
1.786495e+01	8.568952e+00
1.786719e+01	8.567310e+00
1.786942e+01	8.565563e+00
1.787166e+01	8.563711e+00
1.787390e+01	8.561754e+00
1.787838e+01	8.557525e+00
1.788286e+01	8.552876e+00
1.788733e+01	8.547805e+00
1.789181e+01	8.542313e+00
1.789629e+01	8.536398e+00
1.790076e+01	8.530060e+00
1.790524e+01	8.523298e+00
1.790972e+01	8.516111e+00
1.791419e+01	8.508499e+00
1.791867e+01	8.500460e+00
1.792315e+01	8.491994e+00
1.792762e+01	8.483100e+00
1.793192e+01	8.474166e+00
1.793621e+01	8.464836e+00
1.794051e+01	8.455109e+00
1.794480e+01	8.444985e+00
1.795339e+01	8.423539e+00
1.796197e+01	8.400491e+00
1.797056e+01	8.375833e+00
1.797915e+01	8.349555e+00
1.798774e+01	8.321649e+00
1.799632e+01	8.292107e+00
1.800480e+01	8.261317e+00
1.801328e+01	8.228914e+00
1.802176e+01	8.194886e+00
1.803024e+01	8.159222e+00
1.803872e+01	8.121913e+00
1.804720e+01	8.082945e+00
1.805568e+01	8.042306e+00
1.806416e+01	7.999981e+00
1.807209e+01	7.958872e+00
1.808002e+01	7.916261e+00
1.808795e+01	7.872132e+00
1.809588e+01	7.826469e+00
1.811173e+01	7.730465e+00
1.811966e+01	7.680081e+00
1.812759e+01	7.628080e+00
1.814379e+01	7.516703e+00
1.815999e+01	7.398262e+00
1.817619e+01	7.272562e+00
1.819239e+01	7.139470e+00
1.820914e+01	6.994041e+00
1.822590e+01	6.841012e+00
1.824265e+01	6.681146e+00
1.825940e+01	6.515835e+00
1.827665e+01	6.342219e+00
1.829389e+01	6.167869e+00
1.831113e+01	5.995766e+00
1.832837e+01	5.828524e+00
1.834543e+01	5.669753e+00
1.836249e+01	5.518724e+00
1.837954e+01	5.375741e+00
1.839660e+01	5.241554e+00
1.841290e+01	5.120638e+00
1.842920e+01	5.007438e+00
1.843734e+01	4.953423e+00
1.844549e+01	4.900994e+00
1.845364e+01	4.850482e+00
1.846179e+01	4.801612e+00
1.846965e+01	4.756089e+00
1.847751e+01	4.712101e+00
1.848537e+01	4.669626e+00
1.849323e+01	4.628650e+00
1.850109e+01	4.589156e+00
1.850895e+01	4.551130e+00
1.851681e+01	4.514557e+00
1.852467e+01	4.479427e+00
1.853362e+01	4.441195e+00
1.854257e+01	4.404753e+00
1.855152e+01	4.370163e+00
1.856047e+01	4.337386e+00
1.856942e+01	4.306411e+00
1.857837e+01	4.277208e+00
1.858732e+01	4.249822e+00
1.859627e+01	4.224187e+00
1.860488e+01	4.201173e+00
1.861350e+01	4.179782e+00
1.861780e+01	4.169704e+00
1.862211e+01	4.160005e+00
1.862642e+01	4.150721e+00
1.863073e+01	4.141837e+00
1.863503e+01	4.133353e+00
1.863934e+01	4.125268e+00
1.864365e+01	4.117590e+00
1.864796e+01	4.110301e+00
1.865226e+01	4.103408e+00
1.865657e+01	4.096906e+00
1.866088e+01	4.090806e+00
1.866519e+01	4.085101e+00
1.866912e+01	4.080239e+00
1.867305e+01	4.075706e+00
1.867698e+01	4.071496e+00
1.868090e+01	4.067620e+00
1.868483e+01	4.064068e+00
1.868876e+01	4.060839e+00
1.869269e+01	4.057938e+00
1.869662e+01	4.055360e+00
1.869859e+01	4.054194e+00
1.870055e+01	4.053101e+00
1.870252e+01	4.052105e+00
1.870448e+01	4.051184e+00
1.870645e+01	4.050340e+00
1.870841e+01	4.049587e+00
1.871038e+01	4.048905e+00
1.871234e+01	4.048306e+00
1.871431e+01	4.047793e+00
1.871627e+01	4.047354e+00
1.871823e+01	4.046995e+00
1.872020e+01	4.046721e+00
1.872216e+01	4.046529e+00
1.872413e+01	4.046426e+00
1.872609e+01	4.046378e+00
1.872806e+01	4.046438e+00
1.873008e+01	4.046576e+00
1.873211e+01	4.046799e+00
1.873414e+01	4.047116e+00
1.873616e+01	4.047506e+00
1.873819e+01	4.047995e+00
1.874022e+01	4.048557e+00
1.874224e+01	4.049226e+00
1.874427e+01	4.049954e+00
1.874629e+01	4.050781e+00
1.874832e+01	4.051696e+00
1.875035e+01	4.052671e+00
1.875237e+01	4.053774e+00
1.875440e+01	4.054968e+00
1.875643e+01	4.056218e+00
1.875845e+01	4.057566e+00
1.876048e+01	4.058999e+00
1.876453e+01	4.062127e+00
1.876858e+01	4.065624e+00
1.877264e+01	4.069436e+00
1.877669e+01	4.073607e+00
1.878074e+01	4.078112e+00
1.878479e+01	4.082994e+00
1.878885e+01	4.088196e+00
1.879290e+01	4.093750e+00
1.879717e+01	4.099983e+00
1.880144e+01	4.106649e+00
1.880572e+01	4.113681e+00
1.880999e+01	4.121104e+00
1.881426e+01	4.128936e+00
1.881853e+01	4.137128e+00
1.882281e+01	4.145732e+00
1.882708e+01	4.154716e+00
1.883562e+01	4.173919e+00
1.884417e+01	4.194697e+00
1.885272e+01	4.217082e+00
1.886126e+01	4.241029e+00
1.887001e+01	4.267348e+00
1.887876e+01	4.295271e+00
1.888751e+01	4.324970e+00
1.889627e+01	4.356332e+00
1.890502e+01	4.389463e+00
1.891377e+01	4.424411e+00
1.892252e+01	4.460981e+00
1.893127e+01	4.499394e+00
1.893959e+01	4.537530e+00
1.894791e+01	4.577377e+00
1.895623e+01	4.618847e+00
1.896455e+01	4.661913e+00
1.897288e+01	4.706745e+00
1.898120e+01	4.753163e+00
1.898952e+01	4.801455e+00
1.899784e+01	4.851383e+00
1.900654e+01	4.905483e+00
1.901523e+01	4.961495e+00
1.902393e+01	5.019524e+00
1.903263e+01	5.079578e+00
1.905002e+01	5.205819e+00
1.905872e+01	5.272097e+00
1.906742e+01	5.340451e+00
1.908392e+01	5.476011e+00
1.910043e+01	5.619167e+00
1.911694e+01	5.769472e+00
1.913345e+01	5.926101e+00
1.914932e+01	6.081167e+00
1.916520e+01	6.238890e+00
1.918107e+01	6.396907e+00
1.919695e+01	6.553318e+00
1.921351e+01	6.711973e+00
1.923007e+01	6.865008e+00
1.924664e+01	7.010731e+00
1.926320e+01	7.148848e+00
1.927921e+01	7.274842e+00
1.929522e+01	7.393627e+00
1.930322e+01	7.450310e+00
1.931122e+01	7.505278e+00
1.932723e+01	7.609902e+00
1.933580e+01	7.663072e+00
1.934437e+01	7.714612e+00
1.935294e+01	7.764004e+00
1.936151e+01	7.811649e+00
1.937008e+01	7.857435e+00
1.937865e+01	7.901457e+00
1.938722e+01	7.943696e+00
1.939579e+01	7.984128e+00
1.940394e+01	8.021016e+00
1.941208e+01	8.056309e+00
1.942023e+01	8.090047e+00
1.942838e+01	8.122239e+00
1.943652e+01	8.152874e+00
1.944467e+01	8.182103e+00
1.945282e+01	8.209759e+00
1.946097e+01	8.235889e+00
1.946975e+01	8.262411e+00
1.947854e+01	8.287233e+00
1.948732e+01	8.310373e+00
1.949611e+01	8.331766e+00
1.950050e+01	8.341828e+00
1.950490e+01	8.351469e+00
1.950929e+01	8.360688e+00
1.951368e+01	8.369495e+00
1.951808e+01	8.377852e+00
1.952247e+01	8.385796e+00
1.952686e+01	8.393378e+00
1.953126e+01	8.400474e+00
1.953546e+01	8.406896e+00
1.953967e+01	8.412961e+00
1.954388e+01	8.418622e+00
1.954809e+01	8.423929e+00
1.955230e+01	8.428835e+00
1.955651e+01	8.433361e+00
1.956072e+01	8.437523e+00
1.956493e+01	8.441303e+00
1.956914e+01	8.444687e+00
1.957335e+01	8.447715e+00
1.957546e+01	8.449076e+00
1.957756e+01	8.450357e+00
1.957967e+01	8.451532e+00
1.958177e+01	8.452622e+00
1.958387e+01	8.453613e+00
1.958598e+01	8.454514e+00
1.958808e+01	8.455312e+00
1.959019e+01	8.456028e+00
1.959229e+01	8.456634e+00
1.959440e+01	8.457167e+00
1.959650e+01	8.457595e+00
1.959861e+01	8.457913e+00
1.960067e+01	8.458164e+00
1.960274e+01	8.458302e+00
1.960481e+01	8.458350e+00
1.960687e+01	8.458330e+00
1.960894e+01	8.458210e+00
1.961101e+01	8.457980e+00
1.961307e+01	8.457689e+00
1.961514e+01	8.457273e+00
1.961721e+01	8.456786e+00
1.961927e+01	8.456230e+00
1.962134e+01	8.455557e+00
1.962341e+01	8.454805e+00
1.962547e+01	8.453950e+00
1.962754e+01	8.453012e+00
1.962961e+01	8.451976e+00
1.963167e+01	8.450837e+00
1.963374e+01	8.449656e+00
1.963581e+01	8.448343e+00
1.963787e+01	8.446962e+00
1.963994e+01	8.445480e+00
1.964407e+01	8.442227e+00
1.964820e+01	8.438558e+00
1.965234e+01	8.434683e+00
1.965647e+01	8.430255e+00
1.966060e+01	8.425619e+00
1.966474e+01	8.420597e+00
1.966896e+01	8.415056e+00
1.967318e+01	8.409133e+00
1.967740e+01	8.402760e+00
1.968162e+01	8.396084e+00
1.968584e+01	8.389069e+00
1.969006e+01	8.381554e+00
1.969428e+01	8.373773e+00
1.969850e+01	8.365549e+00
1.970272e+01	8.356857e+00
1.970694e+01	8.347911e+00
1.971116e+01	8.338535e+00
1.971538e+01	8.328776e+00
1.972382e+01	8.308054e+00
1.973226e+01	8.285736e+00
1.974056e+01	8.262196e+00
1.974886e+01	8.237293e+00
1.975716e+01	8.210810e+00
1.976546e+01	8.182491e+00
1.977376e+01	8.152929e+00
1.978206e+01	8.121777e+00
1.979035e+01	8.088929e+00
1.979865e+01	8.054468e+00
1.981098e+01	8.000778e+00
1.982330e+01	7.942892e+00
1.983562e+01	7.881764e+00
1.984795e+01	7.817082e+00
1.986027e+01	7.748358e+00
1.987259e+01	7.676057e+00
1.988491e+01	7.599230e+00
1.989724e+01	7.519009e+00
1.990956e+01	7.434179e+00
1.992188e+01	7.345668e+00
1.993421e+01	7.252580e+00
1.994653e+01	7.154847e+00
1.995885e+01	7.053516e+00
1.997117e+01	6.947395e+00
1.998350e+01	6.837244e+00
1.999582e+01	6.723552e+00
2.000000e+01	6.683458e+00
