0.000000e+00	0.000000e+00
4.180602e-03	1.371008e-06
1.155228e-02	1.054028e-05
1.892395e-02	2.850604e-05
2.629562e-02	5.551205e-05
3.366730e-02	9.181993e-05
4.103897e-02	1.376846e-04
4.841065e-02	1.933844e-04
5.578232e-02	2.592136e-04
6.315400e-02	3.354717e-04
7.190714e-02	4.400162e-04
8.066029e-02	5.602885e-04
8.941343e-02	6.968886e-04
9.816658e-02	8.504426e-04
1.069197e-01	1.021610e-03
1.156729e-01	1.211084e-03
1.244260e-01	1.419585e-03
1.331792e-01	1.647870e-03
1.411630e-01	1.874012e-03
1.491469e-01	2.117877e-03
1.571307e-01	2.380175e-03
1.651146e-01	2.661525e-03
1.730984e-01	2.962646e-03
1.810823e-01	3.284269e-03
1.890661e-01	3.627150e-03
1.970500e-01	3.992075e-03
2.060744e-01	4.432122e-03
2.150988e-01	4.902582e-03
2.241232e-01	5.404724e-03
2.331476e-01	5.939863e-03
2.421721e-01	6.509366e-03
2.511965e-01	7.114645e-03
2.557087e-01	7.431156e-03
2.602209e-01	7.757163e-03
2.692453e-01	8.438434e-03
2.768907e-01	9.047084e-03
2.845361e-01	9.685650e-03
2.921816e-01	1.035514e-02
2.998270e-01	1.105657e-02
3.074724e-01	1.179099e-02
3.151178e-01	1.255950e-02
3.227632e-01	1.336316e-02
3.304087e-01	1.420310e-02
3.348676e-01	1.471016e-02
3.393265e-01	1.523017e-02
3.482443e-01	1.630995e-02
3.527032e-01	1.687018e-02
3.571621e-01	1.744427e-02
3.616210e-01	1.803246e-02
3.660799e-01	1.863498e-02
3.749977e-01	1.988391e-02
3.839155e-01	2.119289e-02
3.883744e-01	2.187048e-02
3.928333e-01	2.256376e-02
3.972922e-01	2.327294e-02
4.017511e-01	2.399824e-02
4.100415e-01	2.539038e-02
4.183320e-01	2.684028e-02
4.266225e-01	2.834914e-02
4.349129e-01	2.991811e-02
4.432034e-01	3.154817e-02
4.514939e-01	3.324017e-02
4.597844e-01	3.499480e-02
4.680748e-01	3.681250e-02
4.768550e-01	3.880666e-02
4.856352e-01	4.087176e-02
4.944154e-01	4.300741e-02
5.031956e-01	4.521268e-02
5.119758e-01	4.748617e-02
5.207561e-01	4.982592e-02
5.295363e-01	5.222932e-02
5.383165e-01	5.469302e-02
5.467389e-01	5.710917e-02
5.551613e-01	5.957267e-02
5.635837e-01	6.207843e-02
5.720062e-01	6.462048e-02
5.888510e-01	6.978526e-02
6.056959e-01	7.500093e-02
6.213095e-01	7.980932e-02
6.291163e-01	8.217928e-02
6.369231e-01	8.451188e-02
6.447299e-01	8.679515e-02
6.525367e-01	8.901628e-02
6.603436e-01	9.116161e-02
6.681504e-01	9.321662e-02
6.724568e-01	9.430601e-02
6.767632e-01	9.536060e-02
6.810696e-01	9.637760e-02
6.853760e-01	9.735419e-02
6.896824e-01	9.828745e-02
6.939889e-01	9.917444e-02
6.982953e-01	1.000121e-01
7.026017e-01	1.007973e-01
7.069081e-01	1.015270e-01
7.112145e-01	1.021977e-01
7.155209e-01	1.028063e-01
7.198273e-01	1.033495e-01
7.241337e-01	1.038237e-01
7.284402e-01	1.042257e-01
7.327466e-01	1.045518e-01
7.370530e-01	1.047986e-01
7.392287e-01	1.048921e-01
7.414044e-01	1.049639e-01
7.435801e-01	1.050136e-01
7.457558e-01	1.050408e-01
7.479315e-01	1.050451e-01
7.501072e-01	1.050259e-01
7.522829e-01	1.049827e-01
7.544587e-01	1.049152e-01
7.566344e-01	1.048229e-01
7.588101e-01	1.047053e-01
7.609858e-01	1.045620e-01
7.631615e-01	1.043925e-01
7.653372e-01	1.041964e-01
7.675129e-01	1.039732e-01
7.696886e-01	1.037225e-01
7.718643e-01	1.034439e-01
7.762157e-01	1.028011e-01
7.805672e-01	1.020416e-01
7.849186e-01	1.011621e-01
7.892700e-01	1.001597e-01
7.936214e-01	9.903165e-02
7.979728e-01	9.777533e-02
8.023242e-01	9.638855e-02
8.066757e-01	9.486945e-02
8.105590e-01	9.340078e-02
8.144424e-01	9.182480e-02
8.183258e-01	9.014114e-02
8.222091e-01	8.834975e-02
8.299759e-01	8.444371e-02
8.377426e-01	8.011967e-02
8.455093e-01	7.539317e-02
8.532760e-01	7.029175e-02
8.610428e-01	6.485384e-02
8.688095e-01	5.912925e-02
8.775863e-01	5.239200e-02
8.863630e-01	4.546934e-02
9.039166e-01	3.153072e-02
9.126934e-01	2.475335e-02
9.214701e-01	1.825411e-02
9.302469e-01	1.213010e-02
9.390237e-01	6.461326e-03
9.470234e-01	1.743194e-03
9.550232e-01	-2.512419e-03
9.590231e-01	-4.459666e-03
9.630230e-01	-6.284098e-03
9.670228e-01	-7.984621e-03
9.710227e-01	-9.560703e-03
9.750226e-01	-1.101229e-02
9.790225e-01	-1.233978e-02
9.830224e-01	-1.354396e-02
9.870222e-01	-1.462597e-02
9.910221e-01	-1.558724e-02
9.950220e-01	-1.642949e-02
9.990219e-01	-1.715465e-02
1.003022e+00	-1.776487e-02
1.005228e+00	-1.805309e-02
1.007434e+00	-1.830745e-02
1.009640e+00	-1.852836e-02
1.011846e+00	-1.871625e-02
1.014053e+00	-1.887157e-02
1.016259e+00	-1.899475e-02
1.018465e+00	-1.908625e-02
1.020671e+00	-1.914654e-02
1.022877e+00	-1.917607e-02
1.025083e+00	-1.917533e-02
1.027289e+00	-1.914478e-02
1.029496e+00	-1.908490e-02
1.031702e+00	-1.899618e-02
1.033908e+00	-1.887910e-02
1.036114e+00	-1.873414e-02
1.038320e+00	-1.856178e-02
1.042733e+00	-1.813686e-02
1.044939e+00	-1.788526e-02
1.047145e+00	-1.760822e-02
1.051557e+00	-1.697975e-02
1.055970e+00	-1.625532e-02
1.060382e+00	-1.543875e-02
1.064794e+00	-1.453385e-02
1.069206e+00	-1.354435e-02
1.073619e+00	-1.247395e-02
1.077669e+00	-1.142326e-02
1.081719e+00	-1.031022e-02
1.085770e+00	-9.137545e-03
1.089820e+00	-7.907909e-03
1.097921e+00	-5.288146e-03
1.106021e+00	-2.471180e-03
1.114122e+00	5.236303e-04
1.122223e+00	3.677861e-03
1.130324e+00	6.974039e-03
1.138424e+00	1.039566e-02
1.146983e+00	1.412994e-02
1.155542e+00	1.796980e-02
1.164101e+00	2.189932e-02
1.172660e+00	2.590377e-02
1.181219e+00	2.996960e-02
1.189777e+00	3.408442e-02
1.206895e+00	4.241691e-02
1.223802e+00	5.071988e-02
1.240709e+00	5.903540e-02
1.257616e+00	6.731707e-02
1.274523e+00	7.553019e-02
1.289434e+00	8.269658e-02
1.304344e+00	8.977868e-02
1.319254e+00	9.676901e-02
1.334165e+00	1.036634e-01
1.351537e+00	1.115731e-01
1.368908e+00	1.193516e-01
1.386280e+00	1.270027e-01
1.403652e+00	1.345314e-01
1.419825e+00	1.414360e-01
1.435998e+00	1.482452e-01
1.452171e+00	1.549639e-01
1.468344e+00	1.615971e-01
1.485066e+00	1.683702e-01
1.501789e+00	1.750601e-01
1.518511e+00	1.816700e-01
1.535234e+00	1.882018e-01
1.552784e+00	1.949740e-01
1.570335e+00	2.016611e-01
1.587885e+00	2.082621e-01
1.605435e+00	2.147742e-01
1.622509e+00	2.210209e-01
1.639583e+00	2.271760e-01
1.656657e+00	2.332348e-01
1.673731e+00	2.391919e-01
1.689173e+00	2.444880e-01
1.704616e+00	2.496928e-01
1.720059e+00	2.548032e-01
1.735502e+00	2.598169e-01
1.744466e+00	2.626825e-01
1.753430e+00	2.655153e-01
1.762395e+00	2.683157e-01
1.771359e+00	2.710845e-01
1.780323e+00	2.738226e-01
1.789287e+00	2.765317e-01
1.798251e+00	2.792137e-01
1.807215e+00	2.818710e-01
1.822864e+00	2.864608e-01
1.838514e+00	2.910073e-01
1.854163e+00	2.955394e-01
1.869812e+00	3.000949e-01
1.879078e+00	3.028220e-01
1.888344e+00	3.055851e-01
1.897609e+00	3.083974e-01
1.906875e+00	3.112730e-01
1.916141e+00	3.142279e-01
1.925407e+00	3.172796e-01
1.934672e+00	3.204469e-01
1.943938e+00	3.237506e-01
1.952038e+00	3.267677e-01
1.960138e+00	3.299218e-01
1.968238e+00	3.332297e-01
1.976339e+00	3.367090e-01
1.984439e+00	3.403784e-01
1.992539e+00	3.442573e-01
2.000639e+00	3.483661e-01
2.008739e+00	3.527259e-01
2.017028e+00	3.574696e-01
2.025316e+00	3.625229e-01
2.033605e+00	3.679102e-01
2.041894e+00	3.736564e-01
2.050182e+00	3.797863e-01
2.058471e+00	3.863244e-01
2.066759e+00	3.932947e-01
2.075048e+00	4.007196e-01
2.083694e+00	4.089712e-01
2.092339e+00	4.177598e-01
2.100985e+00	4.271008e-01
2.109631e+00	4.370028e-01
2.118277e+00	4.474662e-01
2.126922e+00	4.584804e-01
2.135568e+00	4.700220e-01
2.144214e+00	4.820527e-01
2.160834e+00	5.063364e-01
2.177454e+00	5.316467e-01
2.194074e+00	5.572467e-01
2.210694e+00	5.823517e-01
2.226851e+00	6.056344e-01
2.234930e+00	6.167118e-01
2.243009e+00	6.273607e-01
2.251088e+00	6.375573e-01
2.259167e+00	6.472883e-01
2.267246e+00	6.565497e-01
2.275324e+00	6.653448e-01
2.283359e+00	6.736384e-01
2.291393e+00	6.814939e-01
2.299428e+00	6.889284e-01
2.307462e+00	6.959616e-01
2.315496e+00	7.026148e-01
2.323531e+00	7.089104e-01
2.331565e+00	7.148716e-01
2.339600e+00	7.205217e-01
2.348068e+00	7.261658e-01
2.356536e+00	7.315173e-01
2.365004e+00	7.366029e-01
2.373472e+00	7.414483e-01
2.381940e+00	7.460785e-01
2.390408e+00	7.505178e-01
2.398876e+00	7.547892e-01
2.407344e+00	7.589148e-01
2.415930e+00	7.629673e-01
2.424516e+00	7.669146e-01
2.433101e+00	7.707736e-01
2.441687e+00	7.745625e-01
2.458859e+00	7.819963e-01
2.476030e+00	7.893367e-01
2.492920e+00	7.965640e-01
2.509811e+00	8.038779e-01
2.518256e+00	8.075876e-01
2.526701e+00	8.113415e-01
2.535146e+00	8.151452e-01
2.543592e+00	8.190037e-01
2.552012e+00	8.229094e-01
2.560432e+00	8.268771e-01
2.568852e+00	8.309096e-01
2.577272e+00	8.350094e-01
2.585693e+00	8.391782e-01
2.594113e+00	8.434174e-01
2.602533e+00	8.477279e-01
2.610953e+00	8.521104e-01
2.619085e+00	8.564118e-01
2.627218e+00	8.607807e-01
2.635350e+00	8.652165e-01
2.643482e+00	8.697196e-01
2.651615e+00	8.742895e-01
2.659747e+00	8.789255e-01
2.667879e+00	8.836271e-01
2.676012e+00	8.883937e-01
2.692488e+00	8.982465e-01
2.708964e+00	9.083563e-01
2.725440e+00	9.187162e-01
2.741917e+00	9.293201e-01
2.758620e+00	9.403128e-01
2.775323e+00	9.515449e-01
2.792026e+00	9.630117e-01
2.808728e+00	9.747098e-01
2.825411e+00	9.866223e-01
2.842094e+00	9.987614e-01
2.858777e+00	1.011126e+00
2.875460e+00	1.023718e+00
2.892562e+00	1.036860e+00
2.909663e+00	1.050241e+00
2.926764e+00	1.063863e+00
2.943866e+00	1.077726e+00
2.960696e+00	1.091603e+00
2.977526e+00	1.105709e+00
2.994357e+00	1.120041e+00
3.011187e+00	1.134587e+00
3.027649e+00	1.149008e+00
3.044111e+00	1.163602e+00
3.060573e+00	1.178342e+00
3.077035e+00	1.193191e+00
3.111669e+00	1.224570e+00
3.128986e+00	1.240178e+00
3.146303e+00	1.255604e+00
3.163161e+00	1.270330e+00
3.180020e+00	1.284641e+00
3.188449e+00	1.291595e+00
3.196878e+00	1.298389e+00
3.205307e+00	1.305002e+00
3.213736e+00	1.311411e+00
3.221923e+00	1.317420e+00
3.230109e+00	1.323193e+00
3.238295e+00	1.328708e+00
3.246481e+00	1.333942e+00
3.254667e+00	1.338871e+00
3.262853e+00	1.343471e+00
3.271040e+00	1.347718e+00
3.279226e+00	1.351586e+00
3.283060e+00	1.353261e+00
3.286894e+00	1.354846e+00
3.290728e+00	1.356337e+00
3.294562e+00	1.357734e+00
3.298396e+00	1.359034e+00
3.302230e+00	1.360234e+00
3.306064e+00	1.361332e+00
3.309898e+00	1.362328e+00
3.313732e+00	1.363219e+00
3.317566e+00	1.364004e+00
3.321400e+00	1.364681e+00
3.325234e+00	1.365250e+00
3.329068e+00	1.365710e+00
3.332902e+00	1.366060e+00
3.334819e+00	1.366194e+00
3.336736e+00	1.366301e+00
3.338653e+00	1.366380e+00
3.340570e+00	1.366433e+00
3.342734e+00	1.366459e+00
3.344898e+00	1.366451e+00
3.347062e+00	1.366409e+00
3.349226e+00	1.366333e+00
3.351390e+00	1.366224e+00
3.353554e+00	1.366082e+00
3.355717e+00	1.365908e+00
3.357881e+00	1.365701e+00
3.360045e+00	1.365463e+00
3.362209e+00	1.365195e+00
3.366537e+00	1.364569e+00
3.370865e+00	1.363830e+00
3.375192e+00	1.362986e+00
3.379520e+00	1.362045e+00
3.383848e+00	1.361018e+00
3.388175e+00	1.359916e+00
3.392503e+00	1.358750e+00
3.401159e+00	1.356278e+00
3.409814e+00	1.353710e+00
3.418770e+00	1.351073e+00
3.423249e+00	1.349801e+00
3.427727e+00	1.348579e+00
3.432205e+00	1.347422e+00
3.436683e+00	1.346342e+00
3.441161e+00	1.345351e+00
3.445639e+00	1.344461e+00
3.450118e+00	1.343681e+00
3.454596e+00	1.343019e+00
3.456835e+00	1.342735e+00
3.459074e+00	1.342483e+00
3.461313e+00	1.342264e+00
3.463552e+00	1.342078e+00
3.465791e+00	1.341926e+00
3.468030e+00	1.341809e+00
3.470269e+00	1.341726e+00
3.472508e+00	1.341679e+00
3.474747e+00	1.341668e+00
3.476986e+00	1.341692e+00
3.479225e+00	1.341753e+00
3.481465e+00	1.341849e+00
3.483475e+00	1.341967e+00
3.485486e+00	1.342113e+00
3.487497e+00	1.342289e+00
3.489507e+00	1.342494e+00
3.493529e+00	1.342992e+00
3.497550e+00	1.343605e+00
3.501572e+00	1.344332e+00
3.505593e+00	1.345173e+00
3.509614e+00	1.346125e+00
3.513636e+00	1.347186e+00
3.517657e+00	1.348354e+00
3.521679e+00	1.349628e+00
3.525700e+00	1.351004e+00
3.529721e+00	1.352479e+00
3.533743e+00	1.354052e+00
3.537764e+00	1.355719e+00
3.541786e+00	1.357478e+00
3.545807e+00	1.359325e+00
3.553950e+00	1.363324e+00
3.562093e+00	1.367649e+00
3.570236e+00	1.372277e+00
3.578378e+00	1.377181e+00
3.586521e+00	1.382338e+00
3.594664e+00	1.387724e+00
3.602807e+00	1.393317e+00
3.610950e+00	1.399093e+00
3.619415e+00	1.405270e+00
3.627881e+00	1.411599e+00
3.636347e+00	1.418059e+00
3.644812e+00	1.424628e+00
3.661743e+00	1.438016e+00
3.678675e+00	1.451618e+00
3.712459e+00	1.478917e+00
3.729351e+00	1.492449e+00
3.746243e+00	1.505798e+00
3.762041e+00	1.518066e+00
3.777840e+00	1.530087e+00
3.793639e+00	1.541832e+00
3.809438e+00	1.553280e+00
3.818347e+00	1.559599e+00
3.827256e+00	1.565816e+00
3.836165e+00	1.571931e+00
3.845074e+00	1.577941e+00
3.853983e+00	1.583847e+00
3.862892e+00	1.589648e+00
3.871801e+00	1.595344e+00
3.880710e+00	1.600934e+00
3.889079e+00	1.606089e+00
3.897449e+00	1.611152e+00
3.905818e+00	1.616121e+00
3.914188e+00	1.620998e+00
3.922558e+00	1.625782e+00
3.930927e+00	1.630475e+00
3.939297e+00	1.635075e+00
3.947666e+00	1.639584e+00
3.955695e+00	1.643823e+00
3.963724e+00	1.647979e+00
3.971753e+00	1.652050e+00
3.979782e+00	1.656038e+00
3.987811e+00	1.659942e+00
3.995840e+00	1.663762e+00
4.003868e+00	1.667499e+00
4.011897e+00	1.671151e+00
4.020949e+00	1.675168e+00
4.030002e+00	1.679078e+00
4.039054e+00	1.682881e+00
4.048106e+00	1.686575e+00
4.057158e+00	1.690162e+00
4.066210e+00	1.693640e+00
4.075262e+00	1.697008e+00
4.084314e+00	1.700267e+00
4.091671e+00	1.702835e+00
4.099029e+00	1.705330e+00
4.106386e+00	1.707751e+00
4.113743e+00	1.710100e+00
4.121101e+00	1.712374e+00
4.128458e+00	1.714576e+00
4.135815e+00	1.716704e+00
4.143173e+00	1.718758e+00
4.152516e+00	1.721262e+00
4.157187e+00	1.722470e+00
4.161859e+00	1.723649e+00
4.171202e+00	1.725919e+00
4.175873e+00	1.727012e+00
4.180545e+00	1.728076e+00
4.185216e+00	1.729112e+00
4.189888e+00	1.730121e+00
4.194559e+00	1.731102e+00
4.199231e+00	1.732056e+00
4.203902e+00	1.732984e+00
4.208574e+00	1.733886e+00
4.213245e+00	1.734763e+00
4.217917e+00	1.735615e+00
4.225892e+00	1.737015e+00
4.233867e+00	1.738348e+00
4.241843e+00	1.739620e+00
4.249818e+00	1.740836e+00
4.257794e+00	1.742000e+00
4.265769e+00	1.743120e+00
4.273745e+00	1.744203e+00
4.281720e+00	1.745256e+00
4.289740e+00	1.746294e+00
4.297760e+00	1.747321e+00
4.313801e+00	1.749383e+00
4.321821e+00	1.750443e+00
4.329841e+00	1.751539e+00
4.337861e+00	1.752685e+00
4.345881e+00	1.753896e+00
4.350024e+00	1.754553e+00
4.354167e+00	1.755234e+00
4.358310e+00	1.755941e+00
4.362454e+00	1.756677e+00
4.366597e+00	1.757444e+00
4.370740e+00	1.758245e+00
4.374883e+00	1.759083e+00
4.379026e+00	1.759960e+00
4.383169e+00	1.760878e+00
4.387312e+00	1.761841e+00
4.391455e+00	1.762852e+00
4.395598e+00	1.763912e+00
4.399741e+00	1.765026e+00
4.403885e+00	1.766196e+00
4.408028e+00	1.767426e+00
4.412171e+00	1.768717e+00
4.416467e+00	1.770125e+00
4.420763e+00	1.771607e+00
4.425059e+00	1.773165e+00
4.429356e+00	1.774805e+00
4.433652e+00	1.776528e+00
4.437948e+00	1.778338e+00
4.442244e+00	1.780240e+00
4.446541e+00	1.782236e+00
4.455133e+00	1.786525e+00
4.459429e+00	1.788824e+00
4.463726e+00	1.791230e+00
4.472318e+00	1.796377e+00
4.480911e+00	1.801987e+00
4.489253e+00	1.807894e+00
4.497596e+00	1.814267e+00
4.505939e+00	1.821110e+00
4.514281e+00	1.828423e+00
4.522624e+00	1.836195e+00
4.530967e+00	1.844403e+00
4.539309e+00	1.853011e+00
4.547652e+00	1.861971e+00
4.564905e+00	1.881329e+00
4.582157e+00	1.901178e+00
4.599410e+00	1.920665e+00
4.608037e+00	1.930014e+00
4.616663e+00	1.938984e+00
4.624882e+00	1.947112e+00
4.633102e+00	1.954787e+00
4.641321e+00	1.961976e+00
4.649541e+00	1.968658e+00
4.657760e+00	1.974824e+00
4.665980e+00	1.980474e+00
4.674199e+00	1.985613e+00
4.682418e+00	1.990255e+00
4.686702e+00	1.992482e+00
4.690986e+00	1.994582e+00
4.695270e+00	1.996556e+00
4.699554e+00	1.998407e+00
4.703838e+00	2.000140e+00
4.708122e+00	2.001757e+00
4.712406e+00	2.003262e+00
4.716689e+00	2.004658e+00
4.720973e+00	2.005948e+00
4.725257e+00	2.007136e+00
4.729541e+00	2.008226e+00
4.733825e+00	2.009221e+00
4.738109e+00	2.010124e+00
4.742393e+00	2.010939e+00
4.746677e+00	2.011669e+00
4.750960e+00	2.012317e+00
4.754809e+00	2.012834e+00
4.758657e+00	2.013289e+00
4.762505e+00	2.013687e+00
4.766353e+00	2.014028e+00
4.770201e+00	2.014316e+00
4.774049e+00	2.014553e+00
4.777898e+00	2.014740e+00
4.781746e+00	2.014881e+00
4.785594e+00	2.014976e+00
4.789442e+00	2.015029e+00
4.793290e+00	2.015041e+00
4.797139e+00	2.015014e+00
4.800987e+00	2.014950e+00
4.804835e+00	2.014852e+00
4.808683e+00	2.014720e+00
4.812531e+00	2.014557e+00
4.817067e+00	2.014327e+00
4.821603e+00	2.014058e+00
4.826139e+00	2.013754e+00
4.830676e+00	2.013417e+00
4.835212e+00	2.013049e+00
4.839748e+00	2.012654e+00
4.844284e+00	2.012232e+00
4.848820e+00	2.011787e+00
4.853356e+00	2.011320e+00
4.857892e+00	2.010834e+00
4.862428e+00	2.010331e+00
4.866964e+00	2.009812e+00
4.876036e+00	2.008734e+00
4.885108e+00	2.007615e+00
4.893397e+00	2.006566e+00
4.901686e+00	2.005501e+00
4.918263e+00	2.003351e+00
4.926551e+00	2.002279e+00
4.934840e+00	2.001216e+00
4.943129e+00	2.000167e+00
4.951417e+00	1.999137e+00
4.959631e+00	1.998138e+00
4.967845e+00	1.997163e+00
4.976058e+00	1.996216e+00
4.984272e+00	1.995298e+00
4.992486e+00	1.994411e+00
5.000699e+00	1.993558e+00
5.008913e+00	1.992739e+00
5.017127e+00	1.991956e+00
5.025764e+00	1.991172e+00
5.034401e+00	1.990429e+00
5.038720e+00	1.990074e+00
5.043039e+00	1.989728e+00
5.047358e+00	1.989394e+00
5.051676e+00	1.989070e+00
5.060314e+00	1.988454e+00
5.068951e+00	1.987882e+00
5.073270e+00	1.987612e+00
5.077589e+00	1.987352e+00
5.086226e+00	1.986867e+00
5.090445e+00	1.986646e+00
5.094663e+00	1.986435e+00
5.098881e+00	1.986234e+00
5.103100e+00	1.986044e+00
5.111536e+00	1.985696e+00
5.119973e+00	1.985389e+00
5.124191e+00	1.985251e+00
5.128410e+00	1.985124e+00
5.136846e+00	1.984902e+00
5.141064e+00	1.984806e+00
5.145283e+00	1.984721e+00
5.149501e+00	1.984647e+00
5.153719e+00	1.984583e+00
5.161724e+00	1.984491e+00
5.165727e+00	1.984459e+00
5.169730e+00	1.984436e+00
5.177735e+00	1.984420e+00
5.185740e+00	1.984442e+00
5.189742e+00	1.984467e+00
5.193745e+00	1.984502e+00
5.197747e+00	1.984546e+00
5.201750e+00	1.984600e+00
5.209755e+00	1.984736e+00
5.213757e+00	1.984818e+00
5.217760e+00	1.984910e+00
5.225771e+00	1.985122e+00
5.233783e+00	1.985370e+00
5.237789e+00	1.985508e+00
5.241795e+00	1.985656e+00
5.249807e+00	1.985977e+00
5.257818e+00	1.986335e+00
5.265830e+00	1.986726e+00
5.273842e+00	1.987151e+00
5.281854e+00	1.987608e+00
5.290665e+00	1.988145e+00
5.299475e+00	1.988716e+00
5.308286e+00	1.989317e+00
5.317097e+00	1.989946e+00
5.325908e+00	1.990597e+00
5.334719e+00	1.991265e+00
5.352341e+00	1.992631e+00
5.360582e+00	1.993270e+00
5.368824e+00	1.993899e+00
5.377065e+00	1.994513e+00
5.385307e+00	1.995101e+00
5.393548e+00	1.995654e+00
5.397669e+00	1.995915e+00
5.401790e+00	1.996163e+00
5.405910e+00	1.996398e+00
5.410031e+00	1.996617e+00
5.414152e+00	1.996819e+00
5.418272e+00	1.997003e+00
5.422438e+00	1.997168e+00
5.426604e+00	1.997311e+00
5.430769e+00	1.997430e+00
5.434935e+00	1.997523e+00
5.439100e+00	1.997588e+00
5.443266e+00	1.997623e+00
5.447432e+00	1.997626e+00
5.451597e+00	1.997594e+00
5.455763e+00	1.997527e+00
5.459928e+00	1.997420e+00
5.464094e+00	1.997273e+00
5.468260e+00	1.997083e+00
5.472425e+00	1.996846e+00
5.476591e+00	1.996562e+00
5.480756e+00	1.996226e+00
5.484922e+00	1.995837e+00
5.488903e+00	1.995413e+00
5.492884e+00	1.994935e+00
5.496865e+00	1.994400e+00
5.500846e+00	1.993808e+00
5.504827e+00	1.993154e+00
5.508808e+00	1.992437e+00
5.512789e+00	1.991653e+00
5.516770e+00	1.990801e+00
5.520751e+00	1.989877e+00
5.524732e+00	1.988879e+00
5.528713e+00	1.987804e+00
5.532694e+00	1.986651e+00
5.536675e+00	1.985415e+00
5.540656e+00	1.984094e+00
5.544637e+00	1.982686e+00
5.548618e+00	1.981188e+00
5.552969e+00	1.979445e+00
5.557319e+00	1.977588e+00
5.561670e+00	1.975614e+00
5.566020e+00	1.973520e+00
5.570371e+00	1.971303e+00
5.574721e+00	1.968960e+00
5.579072e+00	1.966488e+00
5.583423e+00	1.963886e+00
5.592124e+00	1.958281e+00
5.600825e+00	1.952135e+00
5.609526e+00	1.945441e+00
5.618227e+00	1.938206e+00
5.627135e+00	1.930257e+00
5.636042e+00	1.921791e+00
5.644950e+00	1.912857e+00
5.653857e+00	1.903525e+00
5.671672e+00	1.884021e+00
5.689487e+00	1.864121e+00
5.706194e+00	1.845917e+00
5.714548e+00	1.837204e+00
5.722901e+00	1.828842e+00
5.731255e+00	1.820884e+00
5.739608e+00	1.813369e+00
5.747962e+00	1.806323e+00
5.756315e+00	1.799759e+00
5.764380e+00	1.793884e+00
5.772444e+00	1.788458e+00
5.780508e+00	1.783474e+00
5.788572e+00	1.778917e+00
5.792605e+00	1.776793e+00
5.796637e+00	1.774770e+00
5.804701e+00	1.771015e+00
5.808733e+00	1.769278e+00
5.812765e+00	1.767630e+00
5.816797e+00	1.766070e+00
5.820830e+00	1.764594e+00
5.824808e+00	1.763218e+00
5.828786e+00	1.761919e+00
5.832764e+00	1.760694e+00
5.836742e+00	1.759539e+00
5.840720e+00	1.758453e+00
5.844698e+00	1.757433e+00
5.848676e+00	1.756476e+00
5.852654e+00	1.755579e+00
5.856632e+00	1.754740e+00
5.860610e+00	1.753955e+00
5.864588e+00	1.753224e+00
5.868566e+00	1.752542e+00
5.872544e+00	1.751907e+00
5.876522e+00	1.751318e+00
5.880500e+00	1.750770e+00
5.884479e+00	1.750263e+00
5.888662e+00	1.749771e+00
5.892845e+00	1.749318e+00
5.897028e+00	1.748901e+00
5.901211e+00	1.748519e+00
5.905394e+00	1.748168e+00
5.909577e+00	1.747846e+00
5.913760e+00	1.747551e+00
5.917943e+00	1.747281e+00
5.922126e+00	1.747033e+00
5.926309e+00	1.746805e+00
5.930493e+00	1.746596e+00
5.934676e+00	1.746403e+00
5.938859e+00	1.746224e+00
5.943042e+00	1.746057e+00
5.951408e+00	1.745755e+00
5.960045e+00	1.745472e+00
5.968683e+00	1.745207e+00
5.977320e+00	1.744946e+00
5.985958e+00	1.744679e+00
5.994595e+00	1.744394e+00
6.003232e+00	1.744082e+00
6.007551e+00	1.743914e+00
6.011870e+00	1.743736e+00
6.016188e+00	1.743547e+00
6.020507e+00	1.743347e+00
6.024643e+00	1.743143e+00
6.028779e+00	1.742928e+00
6.032915e+00	1.742701e+00
6.037051e+00	1.742460e+00
6.041187e+00	1.742205e+00
6.045322e+00	1.741937e+00
6.049458e+00	1.741654e+00
6.053594e+00	1.741356e+00
6.057730e+00	1.741042e+00
6.061866e+00	1.740713e+00
6.066002e+00	1.740368e+00
6.070138e+00	1.740006e+00
6.074274e+00	1.739628e+00
6.078409e+00	1.739233e+00
6.082545e+00	1.738821e+00
6.086681e+00	1.738391e+00
6.090622e+00	1.737965e+00
6.094562e+00	1.737524e+00
6.098503e+00	1.737066e+00
6.102444e+00	1.736592e+00
6.110325e+00	1.735594e+00
6.118206e+00	1.734531e+00
6.122147e+00	1.733974e+00
6.126088e+00	1.733400e+00
6.133969e+00	1.732203e+00
6.141850e+00	1.730939e+00
6.149732e+00	1.729608e+00
6.154327e+00	1.728800e+00
6.158922e+00	1.727970e+00
6.163518e+00	1.727117e+00
6.168113e+00	1.726242e+00
6.172708e+00	1.725343e+00
6.177303e+00	1.724422e+00
6.181899e+00	1.723479e+00
6.186494e+00	1.722512e+00
6.195684e+00	1.720512e+00
6.204875e+00	1.718422e+00
6.214066e+00	1.716243e+00
6.223256e+00	1.713976e+00
6.231156e+00	1.711956e+00
6.239057e+00	1.709872e+00
6.246957e+00	1.707723e+00
6.254857e+00	1.705510e+00
6.262757e+00	1.703234e+00
6.270657e+00	1.700894e+00
6.278558e+00	1.698492e+00
6.286458e+00	1.696028e+00
6.295395e+00	1.693166e+00
6.304331e+00	1.690227e+00
6.313268e+00	1.687211e+00
6.322205e+00	1.684119e+00
6.331142e+00	1.680954e+00
6.340078e+00	1.677717e+00
6.349015e+00	1.674410e+00
6.357952e+00	1.671036e+00
6.366257e+00	1.667842e+00
6.374563e+00	1.664595e+00
6.382868e+00	1.661299e+00
6.391173e+00	1.657955e+00
6.407784e+00	1.651146e+00
6.424395e+00	1.644206e+00
6.440074e+00	1.637579e+00
6.455754e+00	1.630929e+00
6.471434e+00	1.624316e+00
6.487113e+00	1.617811e+00
6.495895e+00	1.614246e+00
6.504676e+00	1.610757e+00
6.513458e+00	1.607361e+00
6.522239e+00	1.604078e+00
6.531021e+00	1.600926e+00
6.539802e+00	1.597928e+00
6.544193e+00	1.596494e+00
6.548584e+00	1.595106e+00
6.552975e+00	1.593768e+00
6.557366e+00	1.592483e+00
6.561194e+00	1.591409e+00
6.565022e+00	1.590379e+00
6.568850e+00	1.589395e+00
6.572679e+00	1.588461e+00
6.576507e+00	1.587579e+00
6.580335e+00	1.586749e+00
6.584164e+00	1.585976e+00
6.587992e+00	1.585260e+00
6.591820e+00	1.584606e+00
6.595648e+00	1.584014e+00
6.599477e+00	1.583487e+00
6.603305e+00	1.583028e+00
6.607133e+00	1.582639e+00
6.610962e+00	1.582322e+00
6.614790e+00	1.582080e+00
6.618618e+00	1.581916e+00
6.620819e+00	1.581857e+00
6.623019e+00	1.581826e+00
6.625220e+00	1.581821e+00
6.627420e+00	1.581844e+00
6.629621e+00	1.581895e+00
6.631821e+00	1.581975e+00
6.634021e+00	1.582084e+00
6.636222e+00	1.582222e+00
6.638422e+00	1.582390e+00
6.640623e+00	1.582589e+00
6.642823e+00	1.582818e+00
6.645024e+00	1.583078e+00
6.649425e+00	1.583692e+00
6.653826e+00	1.584436e+00
6.658227e+00	1.585310e+00
6.662627e+00	1.586319e+00
6.667028e+00	1.587463e+00
6.671429e+00	1.588744e+00
6.675830e+00	1.590164e+00
6.680231e+00	1.591724e+00
6.684632e+00	1.593423e+00
6.689033e+00	1.595261e+00
6.693103e+00	1.597084e+00
6.697173e+00	1.599023e+00
6.701243e+00	1.601077e+00
6.705312e+00	1.603242e+00
6.713452e+00	1.607893e+00
6.721592e+00	1.612938e+00
6.729731e+00	1.618327e+00
6.737871e+00	1.623998e+00
6.746011e+00	1.629878e+00
6.754151e+00	1.635882e+00
6.771914e+00	1.648991e+00
6.780796e+00	1.655325e+00
6.789677e+00	1.661373e+00
6.798559e+00	1.667050e+00
6.807441e+00	1.672287e+00
6.811882e+00	1.674724e+00
6.816323e+00	1.677033e+00
6.820763e+00	1.679211e+00
6.825204e+00	1.681255e+00
6.829277e+00	1.683010e+00
6.833349e+00	1.684650e+00
6.837422e+00	1.686175e+00
6.841494e+00	1.687584e+00
6.845567e+00	1.688879e+00
6.849639e+00	1.690061e+00
6.853711e+00	1.691131e+00
6.857784e+00	1.692090e+00
6.861856e+00	1.692940e+00
6.865929e+00	1.693683e+00
6.870001e+00	1.694323e+00
6.874074e+00	1.694860e+00
6.878146e+00	1.695298e+00
6.880182e+00	1.695480e+00
6.882219e+00	1.695639e+00
6.886291e+00	1.695886e+00
6.890363e+00	1.696042e+00
6.892411e+00	1.696088e+00
6.894458e+00	1.696111e+00
6.896505e+00	1.696112e+00
6.898552e+00	1.696093e+00
6.902646e+00	1.695992e+00
6.904693e+00	1.695911e+00
6.906740e+00	1.695811e+00
6.910835e+00	1.695553e+00
6.914929e+00	1.695221e+00
6.919023e+00	1.694818e+00
6.923117e+00	1.694347e+00
6.927212e+00	1.693811e+00
6.931306e+00	1.693213e+00
6.935400e+00	1.692557e+00
6.939495e+00	1.691844e+00
6.943589e+00	1.691079e+00
6.947683e+00	1.690263e+00
6.951777e+00	1.689399e+00
6.955872e+00	1.688491e+00
6.960233e+00	1.687477e+00
6.964595e+00	1.686419e+00
6.968956e+00	1.685319e+00
6.973318e+00	1.684180e+00
6.982041e+00	1.681801e+00
6.990764e+00	1.679302e+00
6.999488e+00	1.676707e+00
7.008211e+00	1.674035e+00
7.016934e+00	1.671305e+00
7.025657e+00	1.668537e+00
7.042420e+00	1.663166e+00
7.059182e+00	1.657817e+00
7.067563e+00	1.655178e+00
7.075945e+00	1.652578e+00
7.084326e+00	1.650024e+00
7.092707e+00	1.647524e+00
7.101168e+00	1.645062e+00
7.109629e+00	1.642670e+00
7.118090e+00	1.640353e+00
7.126551e+00	1.638115e+00
7.135012e+00	1.635962e+00
7.143473e+00	1.633897e+00
7.151934e+00	1.631924e+00
7.160395e+00	1.630045e+00
7.164636e+00	1.629140e+00
7.168876e+00	1.628259e+00
7.173117e+00	1.627403e+00
7.177358e+00	1.626572e+00
7.181598e+00	1.625766e+00
7.185839e+00	1.624985e+00
7.190080e+00	1.624230e+00
7.194320e+00	1.623501e+00
7.198561e+00	1.622798e+00
7.202801e+00	1.622121e+00
7.207042e+00	1.621470e+00
7.211283e+00	1.620845e+00
7.215523e+00	1.620246e+00
7.219764e+00	1.619674e+00
7.224005e+00	1.619128e+00
7.228245e+00	1.618609e+00
7.232063e+00	1.618164e+00
7.235882e+00	1.617740e+00
7.239700e+00	1.617338e+00
7.243519e+00	1.616958e+00
7.247337e+00	1.616600e+00
7.251155e+00	1.616263e+00
7.254974e+00	1.615948e+00
7.258792e+00	1.615654e+00
7.262610e+00	1.615382e+00
7.266429e+00	1.615132e+00
7.270247e+00	1.614904e+00
7.274065e+00	1.614697e+00
7.277884e+00	1.614513e+00
7.281702e+00	1.614349e+00
7.285520e+00	1.614208e+00
7.289339e+00	1.614089e+00
7.293628e+00	1.613980e+00
7.297917e+00	1.613899e+00
7.302207e+00	1.613846e+00
7.306496e+00	1.613820e+00
7.310785e+00	1.613821e+00
7.315075e+00	1.613850e+00
7.319364e+00	1.613906e+00
7.323653e+00	1.613990e+00
7.327943e+00	1.614101e+00
7.332232e+00	1.614239e+00
7.336522e+00	1.614405e+00
7.340811e+00	1.614598e+00
7.345100e+00	1.614818e+00
7.349390e+00	1.615066e+00
7.353679e+00	1.615340e+00
7.357968e+00	1.615642e+00
7.362398e+00	1.615982e+00
7.366827e+00	1.616351e+00
7.371256e+00	1.616748e+00
7.375686e+00	1.617174e+00
7.380115e+00	1.617628e+00
7.384544e+00	1.618111e+00
7.388973e+00	1.618621e+00
7.393403e+00	1.619160e+00
7.397832e+00	1.619726e+00
7.402261e+00	1.620320e+00
7.406691e+00	1.620941e+00
7.411120e+00	1.621590e+00
7.415549e+00	1.622265e+00
7.419978e+00	1.622966e+00
7.424408e+00	1.623694e+00
7.428837e+00	1.624447e+00
7.437147e+00	1.625928e+00
7.441302e+00	1.626702e+00
7.445457e+00	1.627496e+00
7.453767e+00	1.629147e+00
7.462077e+00	1.630876e+00
7.470387e+00	1.632679e+00
7.478697e+00	1.634551e+00
7.487007e+00	1.636487e+00
7.495317e+00	1.638478e+00
7.502867e+00	1.640331e+00
7.510418e+00	1.642217e+00
7.517968e+00	1.644132e+00
7.525518e+00	1.646066e+00
7.540619e+00	1.649964e+00
7.555720e+00	1.653840e+00
7.564103e+00	1.655952e+00
7.572486e+00	1.658017e+00
7.580870e+00	1.660018e+00
7.589253e+00	1.661937e+00
7.593445e+00	1.662860e+00
7.597637e+00	1.663756e+00
7.601828e+00	1.664622e+00
7.606020e+00	1.665455e+00
7.610212e+00	1.666253e+00
7.614403e+00	1.667014e+00
7.618595e+00	1.667734e+00
7.622787e+00	1.668410e+00
7.627352e+00	1.669095e+00
7.631916e+00	1.669721e+00
7.636481e+00	1.670285e+00
7.641046e+00	1.670783e+00
7.645610e+00	1.671211e+00
7.650175e+00	1.671565e+00
7.652458e+00	1.671713e+00
7.654740e+00	1.671842e+00
7.657022e+00	1.671949e+00
7.659305e+00	1.672036e+00
7.661587e+00	1.672101e+00
7.663869e+00	1.672145e+00
7.666152e+00	1.672166e+00
7.668434e+00	1.672164e+00
7.670716e+00	1.672138e+00
7.672999e+00	1.672088e+00
7.675281e+00	1.672014e+00
7.677564e+00	1.671915e+00
7.679846e+00	1.671791e+00
7.682128e+00	1.671640e+00
7.684411e+00	1.671463e+00
7.686693e+00	1.671259e+00
7.688975e+00	1.671027e+00
7.691258e+00	1.670768e+00
7.693540e+00	1.670480e+00
7.695822e+00	1.670163e+00
7.699765e+00	1.669546e+00
7.703707e+00	1.668840e+00
7.707650e+00	1.668042e+00
7.711592e+00	1.667150e+00
7.715534e+00	1.666162e+00
7.719477e+00	1.665077e+00
7.723419e+00	1.663893e+00
7.727362e+00	1.662609e+00
7.731304e+00	1.661224e+00
7.735246e+00	1.659737e+00
7.739189e+00	1.658148e+00
7.743131e+00	1.656456e+00
7.751016e+00	1.652768e+00
7.758901e+00	1.648683e+00
7.767150e+00	1.644001e+00
7.775400e+00	1.638933e+00
7.783650e+00	1.633524e+00
7.791899e+00	1.627829e+00
7.800149e+00	1.621919e+00
7.808398e+00	1.615871e+00
7.824898e+00	1.603721e+00
7.833649e+00	1.597446e+00
7.842400e+00	1.591422e+00
7.851151e+00	1.585740e+00
7.859902e+00	1.580475e+00
7.864277e+00	1.578019e+00
7.868653e+00	1.575688e+00
7.873028e+00	1.573487e+00
7.877404e+00	1.571420e+00
7.881779e+00	1.569490e+00
7.886155e+00	1.567699e+00
7.890530e+00	1.566049e+00
7.894906e+00	1.564540e+00
7.898967e+00	1.563265e+00
7.903029e+00	1.562112e+00
7.907090e+00	1.561079e+00
7.911151e+00	1.560165e+00
7.915213e+00	1.559368e+00
7.919274e+00	1.558688e+00
7.923336e+00	1.558121e+00
7.927397e+00	1.557667e+00
7.929428e+00	1.557481e+00
7.931459e+00	1.557322e+00
7.933489e+00	1.557190e+00
7.935520e+00	1.557084e+00
7.937551e+00	1.557004e+00
7.939581e+00	1.556950e+00
7.941612e+00	1.556922e+00
7.943643e+00	1.556919e+00
7.945674e+00	1.556940e+00
7.947704e+00	1.556986e+00
7.949735e+00	1.557056e+00
7.951766e+00	1.557150e+00
7.955827e+00	1.557408e+00
7.959889e+00	1.557756e+00
7.963977e+00	1.558195e+00
7.968065e+00	1.558720e+00
7.972153e+00	1.559328e+00
7.976241e+00	1.560016e+00
7.980329e+00	1.560782e+00
7.984417e+00	1.561622e+00
7.988505e+00	1.562533e+00
7.992593e+00	1.563513e+00
7.996681e+00	1.564559e+00
8.000769e+00	1.565667e+00
8.004857e+00	1.566836e+00
8.008945e+00	1.568063e+00
8.013033e+00	1.569345e+00
8.017121e+00	1.570679e+00
8.025297e+00	1.573494e+00
8.034192e+00	1.576761e+00
8.043087e+00	1.580217e+00
8.051982e+00	1.583840e+00
8.060877e+00	1.587607e+00
8.069773e+00	1.591499e+00
8.078668e+00	1.595497e+00
8.087563e+00	1.599583e+00
8.096458e+00	1.603742e+00
8.112066e+00	1.611168e+00
8.127675e+00	1.618698e+00
8.158891e+00	1.633838e+00
8.176415e+00	1.642270e+00
8.193940e+00	1.650591e+00
8.202702e+00	1.654698e+00
8.211464e+00	1.658763e+00
8.220226e+00	1.662785e+00
8.228988e+00	1.666759e+00
8.237159e+00	1.670420e+00
8.245330e+00	1.674037e+00
8.253501e+00	1.677608e+00
8.261673e+00	1.681131e+00
8.269844e+00	1.684606e+00
8.278015e+00	1.688031e+00
8.286186e+00	1.691407e+00
8.294357e+00	1.694731e+00
8.303101e+00	1.698233e+00
8.311844e+00	1.701675e+00
8.320588e+00	1.705058e+00
8.329331e+00	1.708382e+00
8.338075e+00	1.711647e+00
8.346819e+00	1.714852e+00
8.355562e+00	1.717997e+00
8.364306e+00	1.721084e+00
8.372651e+00	1.723975e+00
8.380995e+00	1.726814e+00
8.389340e+00	1.729600e+00
8.397685e+00	1.732335e+00
8.406030e+00	1.735019e+00
8.414375e+00	1.737654e+00
8.422720e+00	1.740241e+00
8.431065e+00	1.742782e+00
8.439385e+00	1.745271e+00
8.447705e+00	1.747719e+00
8.456026e+00	1.750127e+00
8.464346e+00	1.752499e+00
8.472667e+00	1.754839e+00
8.480987e+00	1.757149e+00
8.497628e+00	1.761703e+00
8.512734e+00	1.765789e+00
8.527840e+00	1.769871e+00
8.542946e+00	1.773996e+00
8.550499e+00	1.776092e+00
8.558052e+00	1.778220e+00
8.566745e+00	1.780722e+00
8.575439e+00	1.783292e+00
8.584133e+00	1.785947e+00
8.592826e+00	1.788701e+00
8.601520e+00	1.791574e+00
8.610214e+00	1.794583e+00
8.618907e+00	1.797748e+00
8.627601e+00	1.801090e+00
8.636606e+00	1.804762e+00
8.641109e+00	1.806686e+00
8.645612e+00	1.808674e+00
8.654617e+00	1.812852e+00
8.663623e+00	1.817324e+00
8.672628e+00	1.822119e+00
8.681634e+00	1.827266e+00
8.690639e+00	1.832795e+00
8.699645e+00	1.838737e+00
8.707913e+00	1.844580e+00
8.716181e+00	1.850817e+00
8.724448e+00	1.857469e+00
8.732716e+00	1.864557e+00
8.740984e+00	1.872095e+00
8.749252e+00	1.880097e+00
8.757520e+00	1.888571e+00
8.765788e+00	1.897519e+00
8.774013e+00	1.906886e+00
8.782238e+00	1.916702e+00
8.790464e+00	1.926943e+00
8.798689e+00	1.937571e+00
8.815139e+00	1.959782e+00
8.831589e+00	1.982803e+00
8.847655e+00	2.005432e+00
8.863720e+00	2.027556e+00
8.879786e+00	2.048623e+00
8.887818e+00	2.058629e+00
8.895851e+00	2.068237e+00
8.904513e+00	2.078127e+00
8.913175e+00	2.087512e+00
8.921836e+00	2.096390e+00
8.930498e+00	2.104764e+00
8.939160e+00	2.112646e+00
8.947821e+00	2.120054e+00
8.956483e+00	2.127008e+00
8.965145e+00	2.133531e+00
8.972823e+00	2.138975e+00
8.980501e+00	2.144119e+00
8.988180e+00	2.148983e+00
8.995858e+00	2.153585e+00
9.003537e+00	2.157944e+00
9.011215e+00	2.162081e+00
9.018894e+00	2.166012e+00
9.026572e+00	2.169756e+00
9.035789e+00	2.174028e+00
9.045006e+00	2.178086e+00
9.054223e+00	2.181956e+00
9.063440e+00	2.185667e+00
9.072657e+00	2.189242e+00
9.081874e+00	2.192705e+00
9.091091e+00	2.196080e+00
9.100308e+00	2.199385e+00
9.115167e+00	2.204616e+00
9.130025e+00	2.209790e+00
9.144884e+00	2.214968e+00
9.159742e+00	2.220204e+00
9.168955e+00	2.223499e+00
9.178168e+00	2.226842e+00
9.187381e+00	2.230241e+00
9.196594e+00	2.233704e+00
9.205807e+00	2.237237e+00
9.215020e+00	2.240844e+00
9.224232e+00	2.244530e+00
9.233445e+00	2.248298e+00
9.241110e+00	2.251499e+00
9.248774e+00	2.254760e+00
9.256438e+00	2.258084e+00
9.264103e+00	2.261471e+00
9.271767e+00	2.264922e+00
9.279432e+00	2.268438e+00
9.287096e+00	2.272019e+00
9.294760e+00	2.275666e+00
9.303991e+00	2.280146e+00
9.313221e+00	2.284721e+00
9.322452e+00	2.289392e+00
9.331682e+00	2.294159e+00
9.340912e+00	2.299021e+00
9.350143e+00	2.303978e+00
9.359373e+00	2.309029e+00
9.368604e+00	2.314173e+00
9.376970e+00	2.318916e+00
9.385337e+00	2.323733e+00
9.393704e+00	2.328624e+00
9.402070e+00	2.333588e+00
9.418803e+00	2.343726e+00
9.435536e+00	2.354135e+00
9.451932e+00	2.364577e+00
9.468327e+00	2.375239e+00
9.484722e+00	2.386093e+00
9.501117e+00	2.397103e+00
9.532081e+00	2.418160e+00
9.547563e+00	2.428718e+00
9.563046e+00	2.439215e+00
9.579360e+00	2.450129e+00
9.595675e+00	2.460793e+00
9.603833e+00	2.465997e+00
9.611990e+00	2.471095e+00
9.620148e+00	2.476070e+00
9.628305e+00	2.480906e+00
9.636960e+00	2.485864e+00
9.645616e+00	2.490622e+00
9.654271e+00	2.495156e+00
9.662927e+00	2.499441e+00
9.671582e+00	2.503452e+00
9.680238e+00	2.507162e+00
9.684565e+00	2.508897e+00
9.688893e+00	2.510546e+00
9.693221e+00	2.512106e+00
9.697549e+00	2.513575e+00
9.701852e+00	2.514941e+00
9.706156e+00	2.516210e+00
9.710460e+00	2.517377e+00
9.714763e+00	2.518441e+00
9.719067e+00	2.519397e+00
9.723371e+00	2.520243e+00
9.727675e+00	2.520976e+00
9.731978e+00	2.521593e+00
9.734130e+00	2.521857e+00
9.736282e+00	2.522090e+00
9.738434e+00	2.522294e+00
9.740586e+00	2.522467e+00
9.742737e+00	2.522610e+00
9.744889e+00	2.522721e+00
9.747041e+00	2.522801e+00
9.749193e+00	2.522849e+00
9.751345e+00	2.522865e+00
9.753497e+00	2.522850e+00
9.755648e+00	2.522803e+00
9.757800e+00	2.522723e+00
9.759952e+00	2.522611e+00
9.762104e+00	2.522467e+00
9.764256e+00	2.522291e+00
9.766408e+00	2.522082e+00
9.770460e+00	2.521601e+00
9.774512e+00	2.521006e+00
9.778565e+00	2.520298e+00
9.782617e+00	2.519480e+00
9.786669e+00	2.518552e+00
9.790722e+00	2.517519e+00
9.794774e+00	2.516384e+00
9.798826e+00	2.515151e+00
9.802879e+00	2.513825e+00
9.806931e+00	2.512412e+00
9.810983e+00	2.510919e+00
9.815036e+00	2.509353e+00
9.823140e+00	2.506035e+00
9.831245e+00	2.502528e+00
9.840003e+00	2.498618e+00
9.848761e+00	2.494687e+00
9.857519e+00	2.490841e+00
9.866276e+00	2.487180e+00
9.870655e+00	2.485449e+00
9.875034e+00	2.483797e+00
9.879413e+00	2.482234e+00
9.883792e+00	2.480768e+00
9.888171e+00	2.479406e+00
9.892550e+00	2.478154e+00
9.896929e+00	2.477018e+00
9.901308e+00	2.476002e+00
9.905473e+00	2.475150e+00
9.909638e+00	2.474411e+00
9.913803e+00	2.473787e+00
9.917968e+00	2.473279e+00
9.920050e+00	2.473068e+00
9.922133e+00	2.472886e+00
9.924215e+00	2.472734e+00
9.926298e+00	2.472610e+00
9.928381e+00	2.472516e+00
9.930463e+00	2.472450e+00
9.932546e+00	2.472412e+00
9.934628e+00	2.472403e+00
9.936711e+00	2.472423e+00
9.938793e+00	2.472470e+00
9.940876e+00	2.472545e+00
9.942958e+00	2.472648e+00
9.945041e+00	2.472778e+00
9.947123e+00	2.472935e+00
9.949206e+00	2.473119e+00
9.951288e+00	2.473330e+00
9.955453e+00	2.473829e+00
9.959618e+00	2.474431e+00
9.963783e+00	2.475133e+00
9.967948e+00	2.475931e+00
9.971875e+00	2.476770e+00
9.975801e+00	2.477690e+00
9.979728e+00	2.478688e+00
9.983654e+00	2.479762e+00
9.987580e+00	2.480910e+00
9.991507e+00	2.482129e+00
9.995433e+00	2.483416e+00
9.999360e+00	2.484768e+00
1.000721e+01	2.487659e+00
1.001507e+01	2.490781e+00
1.002292e+01	2.494113e+00
1.003077e+01	2.497637e+00
1.003913e+01	2.501575e+00
1.004749e+01	2.505685e+00
1.005585e+01	2.509944e+00
1.006421e+01	2.514332e+00
1.007257e+01	2.518827e+00
1.008093e+01	2.523412e+00
1.009765e+01	2.532778e+00
1.011568e+01	2.543046e+00
1.013371e+01	2.553348e+00
1.015174e+01	2.563561e+00
1.016977e+01	2.573583e+00
1.018500e+01	2.581835e+00
1.020023e+01	2.589850e+00
1.020785e+01	2.593758e+00
1.021546e+01	2.597594e+00
1.022307e+01	2.601356e+00
1.023069e+01	2.605040e+00
1.023974e+01	2.609316e+00
1.024879e+01	2.613476e+00
1.025785e+01	2.617516e+00
1.026690e+01	2.621434e+00
1.027595e+01	2.625228e+00
1.028500e+01	2.628896e+00
1.029405e+01	2.632437e+00
1.030311e+01	2.635849e+00
1.031162e+01	2.638938e+00
1.032013e+01	2.641912e+00
1.032863e+01	2.644771e+00
1.033714e+01	2.647514e+00
1.034565e+01	2.650141e+00
1.035416e+01	2.652652e+00
1.036267e+01	2.655047e+00
1.037118e+01	2.657327e+00
1.037913e+01	2.659352e+00
1.038707e+01	2.661277e+00
1.039502e+01	2.663104e+00
1.040296e+01	2.664831e+00
1.040694e+01	2.665658e+00
1.041091e+01	2.666461e+00
1.041488e+01	2.667240e+00
1.041885e+01	2.667995e+00
1.042680e+01	2.669435e+00
1.043077e+01	2.670119e+00
1.043474e+01	2.670780e+00
1.043868e+01	2.671413e+00
1.044261e+01	2.672022e+00
1.044654e+01	2.672611e+00
1.045047e+01	2.673177e+00
1.045441e+01	2.673722e+00
1.045834e+01	2.674246e+00
1.046227e+01	2.674750e+00
1.046620e+01	2.675234e+00
1.047014e+01	2.675697e+00
1.047407e+01	2.676141e+00
1.047800e+01	2.676567e+00
1.048193e+01	2.676973e+00
1.048586e+01	2.677362e+00
1.048980e+01	2.677734e+00
1.049373e+01	2.678088e+00
1.049766e+01	2.678427e+00
1.050196e+01	2.678779e+00
1.050626e+01	2.679113e+00
1.051056e+01	2.679431e+00
1.051485e+01	2.679732e+00
1.051915e+01	2.680019e+00
1.052345e+01	2.680292e+00
1.052775e+01	2.680553e+00
1.053204e+01	2.680802e+00
1.054064e+01	2.681272e+00
1.054923e+01	2.681712e+00
1.055783e+01	2.682135e+00
1.056643e+01	2.682553e+00
1.057494e+01	2.682976e+00
1.058346e+01	2.683424e+00
1.058772e+01	2.683662e+00
1.059198e+01	2.683911e+00
1.059624e+01	2.684175e+00
1.060050e+01	2.684455e+00
1.060476e+01	2.684754e+00
1.060901e+01	2.685074e+00
1.061327e+01	2.685417e+00
1.061753e+01	2.685786e+00
1.062179e+01	2.686183e+00
1.062605e+01	2.686611e+00
1.063031e+01	2.687073e+00
1.063457e+01	2.687571e+00
1.063898e+01	2.688129e+00
1.064340e+01	2.688732e+00
1.064782e+01	2.689384e+00
1.065223e+01	2.690087e+00
1.065665e+01	2.690845e+00
1.066106e+01	2.691662e+00
1.066548e+01	2.692540e+00
1.066990e+01	2.693484e+00
1.067431e+01	2.694496e+00
1.067873e+01	2.695581e+00
1.068315e+01	2.696742e+00
1.068756e+01	2.697982e+00
1.069198e+01	2.699305e+00
1.069639e+01	2.700715e+00
1.070081e+01	2.702215e+00
1.070523e+01	2.703809e+00
1.070908e+01	2.705280e+00
1.071294e+01	2.706827e+00
1.071680e+01	2.708452e+00
1.072066e+01	2.710159e+00
1.072837e+01	2.713820e+00
1.073609e+01	2.717827e+00
1.074380e+01	2.722191e+00
1.075152e+01	2.726923e+00
1.075923e+01	2.732028e+00
1.076695e+01	2.737508e+00
1.077588e+01	2.744320e+00
1.078482e+01	2.751611e+00
1.079375e+01	2.759350e+00
1.080269e+01	2.767490e+00
1.081163e+01	2.775965e+00
1.082056e+01	2.784695e+00
1.083844e+01	2.802529e+00
1.085439e+01	2.818280e+00
1.086236e+01	2.825897e+00
1.087033e+01	2.833250e+00
1.087831e+01	2.840282e+00
1.088628e+01	2.846946e+00
1.089426e+01	2.853205e+00
1.090223e+01	2.859033e+00
1.091061e+01	2.864673e+00
1.091899e+01	2.869812e+00
1.092317e+01	2.872194e+00
1.092736e+01	2.874450e+00
1.093155e+01	2.876583e+00
1.093574e+01	2.878593e+00
1.093993e+01	2.880483e+00
1.094411e+01	2.882254e+00
1.094830e+01	2.883909e+00
1.095249e+01	2.885449e+00
1.095668e+01	2.886878e+00
1.096087e+01	2.888199e+00
1.096505e+01	2.889413e+00
1.096924e+01	2.890524e+00
1.097365e+01	2.891584e+00
1.097805e+01	2.892537e+00
1.098246e+01	2.893386e+00
1.098686e+01	2.894134e+00
1.099127e+01	2.894786e+00
1.099567e+01	2.895344e+00
1.100008e+01	2.895813e+00
1.100448e+01	2.896195e+00
1.100669e+01	2.896355e+00
1.100889e+01	2.896495e+00
1.101329e+01	2.896716e+00
1.101550e+01	2.896797e+00
1.101770e+01	2.896861e+00
1.101990e+01	2.896906e+00
1.102210e+01	2.896933e+00
1.102651e+01	2.896936e+00
1.103091e+01	2.896874e+00
1.103532e+01	2.896749e+00
1.103972e+01	2.896564e+00
1.104369e+01	2.896349e+00
1.104766e+01	2.896091e+00
1.105162e+01	2.895791e+00
1.105559e+01	2.895453e+00
1.105956e+01	2.895076e+00
1.106352e+01	2.894665e+00
1.106749e+01	2.894220e+00
1.107145e+01	2.893744e+00
1.107542e+01	2.893238e+00
1.107939e+01	2.892705e+00
1.108335e+01	2.892146e+00
1.108732e+01	2.891562e+00
1.109129e+01	2.890956e+00
1.109525e+01	2.890328e+00
1.110318e+01	2.889017e+00
1.111197e+01	2.887487e+00
1.112076e+01	2.885892e+00
1.112954e+01	2.884244e+00
1.113833e+01	2.882557e+00
1.114711e+01	2.880842e+00
1.115590e+01	2.879109e+00
1.117347e+01	2.875630e+00
1.118190e+01	2.873971e+00
1.119033e+01	2.872326e+00
1.119875e+01	2.870701e+00
1.120718e+01	2.869101e+00
1.121561e+01	2.867531e+00
1.122404e+01	2.865995e+00
1.123247e+01	2.864495e+00
1.124090e+01	2.863035e+00
1.124905e+01	2.861663e+00
1.125721e+01	2.860333e+00
1.126537e+01	2.859046e+00
1.127353e+01	2.857805e+00
1.128168e+01	2.856610e+00
1.128984e+01	2.855462e+00
1.129800e+01	2.854362e+00
1.130615e+01	2.853311e+00
1.131450e+01	2.852286e+00
1.131868e+01	2.851793e+00
1.132286e+01	2.851313e+00
1.133121e+01	2.850392e+00
1.133956e+01	2.849523e+00
1.134373e+01	2.849107e+00
1.134791e+01	2.848704e+00
1.135626e+01	2.847937e+00
1.136044e+01	2.847572e+00
1.136461e+01	2.847220e+00
1.136879e+01	2.846880e+00
1.137296e+01	2.846552e+00
1.138114e+01	2.845943e+00
1.138933e+01	2.845380e+00
1.139342e+01	2.845114e+00
1.139751e+01	2.844859e+00
1.140160e+01	2.844614e+00
1.140569e+01	2.844379e+00
1.141388e+01	2.843938e+00
1.142206e+01	2.843533e+00
1.143024e+01	2.843162e+00
1.143842e+01	2.842820e+00
1.144630e+01	2.842516e+00
1.145417e+01	2.842232e+00
1.146205e+01	2.841965e+00
1.146992e+01	2.841708e+00
1.148567e+01	2.841208e+00
1.149355e+01	2.840953e+00
1.150142e+01	2.840684e+00
1.151025e+01	2.840359e+00
1.151467e+01	2.840183e+00
1.151908e+01	2.839996e+00
1.152350e+01	2.839797e+00
1.152791e+01	2.839584e+00
1.153233e+01	2.839355e+00
1.153674e+01	2.839108e+00
1.154116e+01	2.838842e+00
1.154558e+01	2.838554e+00
1.154999e+01	2.838243e+00
1.155441e+01	2.837906e+00
1.155882e+01	2.837541e+00
1.156324e+01	2.837146e+00
1.156765e+01	2.836719e+00
1.157207e+01	2.836256e+00
1.157625e+01	2.835784e+00
1.158043e+01	2.835277e+00
1.158461e+01	2.834731e+00
1.158879e+01	2.834146e+00
1.159297e+01	2.833517e+00
1.159715e+01	2.832844e+00
1.160133e+01	2.832124e+00
1.160551e+01	2.831354e+00
1.160969e+01	2.830531e+00
1.161387e+01	2.829653e+00
1.161806e+01	2.828718e+00
1.162224e+01	2.827722e+00
1.162642e+01	2.826664e+00
1.163060e+01	2.825539e+00
1.163478e+01	2.824345e+00
1.163896e+01	2.823081e+00
1.164333e+01	2.821678e+00
1.164770e+01	2.820190e+00
1.165208e+01	2.818615e+00
1.165645e+01	2.816948e+00
1.166082e+01	2.815186e+00
1.166519e+01	2.813327e+00
1.166957e+01	2.811366e+00
1.167394e+01	2.809300e+00
1.167831e+01	2.807127e+00
1.168268e+01	2.804843e+00
1.168706e+01	2.802446e+00
1.169143e+01	2.799931e+00
1.170018e+01	2.794543e+00
1.170892e+01	2.788659e+00
1.171641e+01	2.783217e+00
1.172390e+01	2.777396e+00
1.173138e+01	2.771194e+00
1.173887e+01	2.764615e+00
1.174636e+01	2.757667e+00
1.175384e+01	2.750367e+00
1.176133e+01	2.742736e+00
1.176882e+01	2.734807e+00
1.177747e+01	2.725325e+00
1.178612e+01	2.715570e+00
1.180342e+01	2.695588e+00
1.182073e+01	2.675620e+00
1.182938e+01	2.665879e+00
1.183803e+01	2.656412e+00
1.184621e+01	2.647770e+00
1.185440e+01	2.639483e+00
1.186259e+01	2.631584e+00
1.187077e+01	2.624098e+00
1.187896e+01	2.617039e+00
1.188714e+01	2.610414e+00
1.189533e+01	2.604219e+00
1.190351e+01	2.598449e+00
1.191275e+01	2.592433e+00
1.192198e+01	2.586918e+00
1.192660e+01	2.584340e+00
1.193121e+01	2.581878e+00
1.193583e+01	2.579527e+00
1.194045e+01	2.577284e+00
1.194507e+01	2.575144e+00
1.194968e+01	2.573104e+00
1.195430e+01	2.571160e+00
1.195892e+01	2.569307e+00
1.196353e+01	2.567542e+00
1.196815e+01	2.565860e+00
1.197277e+01	2.564257e+00
1.197738e+01	2.562730e+00
1.198133e+01	2.561482e+00
1.198528e+01	2.560284e+00
1.199317e+01	2.558027e+00
1.199712e+01	2.556964e+00
1.200107e+01	2.555941e+00
1.200501e+01	2.554956e+00
1.200896e+01	2.554008e+00
1.201685e+01	2.552210e+00
1.202475e+01	2.550531e+00
1.202869e+01	2.549731e+00
1.203264e+01	2.548954e+00
1.204053e+01	2.547465e+00
1.204903e+01	2.545942e+00
1.205752e+01	2.544486e+00
1.206602e+01	2.543081e+00
1.207451e+01	2.541711e+00
1.209150e+01	2.539024e+00
1.210000e+01	2.537682e+00
1.210849e+01	2.536325e+00
1.211646e+01	2.535030e+00
1.212443e+01	2.533707e+00
1.213241e+01	2.532347e+00
1.214038e+01	2.530946e+00
1.214835e+01	2.529497e+00
1.215632e+01	2.527995e+00
1.216429e+01	2.526436e+00
1.217226e+01	2.524817e+00
1.218116e+01	2.522932e+00
1.219006e+01	2.520962e+00
1.219896e+01	2.518904e+00
1.220786e+01	2.516755e+00
1.221676e+01	2.514511e+00
1.222566e+01	2.512172e+00
1.223456e+01	2.509735e+00
1.224346e+01	2.507199e+00
1.225142e+01	2.504847e+00
1.225938e+01	2.502414e+00
1.226733e+01	2.499902e+00
1.227529e+01	2.497308e+00
1.228325e+01	2.494635e+00
1.229121e+01	2.491881e+00
1.229916e+01	2.489047e+00
1.230712e+01	2.486134e+00
1.231545e+01	2.483004e+00
1.232377e+01	2.479789e+00
1.233209e+01	2.476490e+00
1.234042e+01	2.473111e+00
1.234874e+01	2.469651e+00
1.235707e+01	2.466114e+00
1.236539e+01	2.462502e+00
1.237371e+01	2.458817e+00
1.238194e+01	2.455110e+00
1.239016e+01	2.451340e+00
1.239838e+01	2.447509e+00
1.240660e+01	2.443622e+00
1.242304e+01	2.435702e+00
1.243948e+01	2.427624e+00
1.245638e+01	2.419217e+00
1.247327e+01	2.410773e+00
1.249016e+01	2.402378e+00
1.250706e+01	2.394132e+00
1.251518e+01	2.390253e+00
1.252331e+01	2.386448e+00
1.253143e+01	2.382733e+00
1.253956e+01	2.379124e+00
1.254768e+01	2.375638e+00
1.255581e+01	2.372291e+00
1.256393e+01	2.369102e+00
1.257206e+01	2.366090e+00
1.257623e+01	2.364619e+00
1.258040e+01	2.363203e+00
1.258457e+01	2.361844e+00
1.258874e+01	2.360545e+00
1.259291e+01	2.359309e+00
1.259708e+01	2.358139e+00
1.260126e+01	2.357038e+00
1.260543e+01	2.356009e+00
1.260960e+01	2.355055e+00
1.261377e+01	2.354179e+00
1.261794e+01	2.353383e+00
1.262211e+01	2.352671e+00
1.262629e+01	2.352045e+00
1.263046e+01	2.351509e+00
1.263463e+01	2.351066e+00
1.263880e+01	2.350717e+00
1.264089e+01	2.350579e+00
1.264298e+01	2.350466e+00
1.264508e+01	2.350379e+00
1.264717e+01	2.350316e+00
1.264926e+01	2.350280e+00
1.265135e+01	2.350270e+00
1.265344e+01	2.350287e+00
1.265553e+01	2.350330e+00
1.265763e+01	2.350400e+00
1.265972e+01	2.350498e+00
1.266181e+01	2.350623e+00
1.266390e+01	2.350777e+00
1.266599e+01	2.350958e+00
1.266808e+01	2.351167e+00
1.267018e+01	2.351405e+00
1.267227e+01	2.351672e+00
1.267645e+01	2.352291e+00
1.268064e+01	2.353027e+00
1.268482e+01	2.353879e+00
1.268900e+01	2.354848e+00
1.269319e+01	2.355933e+00
1.269737e+01	2.357133e+00
1.270155e+01	2.358448e+00
1.270574e+01	2.359874e+00
1.270993e+01	2.361414e+00
1.271413e+01	2.363060e+00
1.271832e+01	2.364809e+00
1.272252e+01	2.366654e+00
1.273091e+01	2.370612e+00
1.273930e+01	2.374876e+00
1.274769e+01	2.379380e+00
1.275608e+01	2.384043e+00
1.277287e+01	2.393500e+00
1.278168e+01	2.398342e+00
1.279049e+01	2.402972e+00
1.279930e+01	2.407304e+00
1.280370e+01	2.409335e+00
1.280811e+01	2.411266e+00
1.281252e+01	2.413090e+00
1.281692e+01	2.414802e+00
1.282133e+01	2.416398e+00
1.282573e+01	2.417873e+00
1.283014e+01	2.419224e+00
1.283454e+01	2.420450e+00
1.283895e+01	2.421549e+00
1.284335e+01	2.422522e+00
1.284774e+01	2.423363e+00
1.285213e+01	2.424079e+00
1.285432e+01	2.424390e+00
1.285651e+01	2.424671e+00
1.285870e+01	2.424920e+00
1.286090e+01	2.425139e+00
1.286309e+01	2.425328e+00
1.286528e+01	2.425487e+00
1.286747e+01	2.425616e+00
1.286967e+01	2.425715e+00
1.287186e+01	2.425785e+00
1.287405e+01	2.425827e+00
1.287625e+01	2.425840e+00
1.287844e+01	2.425825e+00
1.288063e+01	2.425782e+00
1.288282e+01	2.425712e+00
1.288502e+01	2.425615e+00
1.288721e+01	2.425491e+00
1.288940e+01	2.425341e+00
1.289160e+01	2.425165e+00
1.289379e+01	2.424964e+00
1.289598e+01	2.424737e+00
1.290037e+01	2.424212e+00
1.290475e+01	2.423591e+00
1.290914e+01	2.422880e+00
1.291352e+01	2.422081e+00
1.291768e+01	2.421244e+00
1.292185e+01	2.420335e+00
1.292601e+01	2.419357e+00
1.293017e+01	2.418311e+00
1.293433e+01	2.417202e+00
1.293849e+01	2.416032e+00
1.294265e+01	2.414804e+00
1.294681e+01	2.413521e+00
1.295513e+01	2.410802e+00
1.296345e+01	2.407897e+00
1.297177e+01	2.404827e+00
1.298009e+01	2.401614e+00
1.298751e+01	2.398645e+00
1.299493e+01	2.395591e+00
1.300235e+01	2.392466e+00
1.300976e+01	2.389281e+00
1.302460e+01	2.382779e+00
1.303943e+01	2.376172e+00
1.305617e+01	2.368689e+00
1.307290e+01	2.361266e+00
1.308127e+01	2.357603e+00
1.308964e+01	2.353984e+00
1.309800e+01	2.350417e+00
1.310637e+01	2.346911e+00
1.311552e+01	2.343152e+00
1.312467e+01	2.339480e+00
1.313382e+01	2.335903e+00
1.314297e+01	2.332425e+00
1.315213e+01	2.329052e+00
1.316128e+01	2.325789e+00
1.317043e+01	2.322640e+00
1.317958e+01	2.319607e+00
1.318804e+01	2.316910e+00
1.319650e+01	2.314317e+00
1.320496e+01	2.311829e+00
1.321343e+01	2.309449e+00
1.322189e+01	2.307176e+00
1.323035e+01	2.305013e+00
1.323881e+01	2.302958e+00
1.324727e+01	2.301013e+00
1.325149e+01	2.300084e+00
1.325571e+01	2.299183e+00
1.325993e+01	2.298308e+00
1.326415e+01	2.297460e+00
1.326837e+01	2.296640e+00
1.327259e+01	2.295846e+00
1.327681e+01	2.295079e+00
1.328103e+01	2.294339e+00
1.328524e+01	2.293626e+00
1.328946e+01	2.292938e+00
1.329368e+01	2.292278e+00
1.329790e+01	2.291643e+00
1.330212e+01	2.291033e+00
1.330634e+01	2.290450e+00
1.331056e+01	2.289892e+00
1.331478e+01	2.289359e+00
1.331851e+01	2.288908e+00
1.332224e+01	2.288476e+00
1.332597e+01	2.288064e+00
1.332969e+01	2.287670e+00
1.333342e+01	2.287294e+00
1.333715e+01	2.286936e+00
1.334088e+01	2.286596e+00
1.334461e+01	2.286274e+00
1.334834e+01	2.285968e+00
1.335207e+01	2.285679e+00
1.335580e+01	2.285407e+00
1.335953e+01	2.285150e+00
1.336326e+01	2.284908e+00
1.336699e+01	2.284682e+00
1.337072e+01	2.284470e+00
1.337444e+01	2.284272e+00
1.337898e+01	2.284050e+00
1.338351e+01	2.283846e+00
1.338804e+01	2.283660e+00
1.339258e+01	2.283490e+00
1.339711e+01	2.283336e+00
1.340164e+01	2.283196e+00
1.340617e+01	2.283069e+00
1.341071e+01	2.282953e+00
1.341977e+01	2.282749e+00
1.342884e+01	2.282572e+00
1.343790e+01	2.282408e+00
1.344697e+01	2.282241e+00
1.345521e+01	2.282074e+00
1.346345e+01	2.281877e+00
1.346757e+01	2.281764e+00
1.347169e+01	2.281637e+00
1.347581e+01	2.281497e+00
1.347993e+01	2.281339e+00
1.348405e+01	2.281164e+00
1.348817e+01	2.280967e+00
1.349229e+01	2.280748e+00
1.349641e+01	2.280504e+00
1.350052e+01	2.280232e+00
1.350464e+01	2.279931e+00
1.350876e+01	2.279598e+00
1.351288e+01	2.279231e+00
1.351697e+01	2.278831e+00
1.352105e+01	2.278392e+00
1.352514e+01	2.277912e+00
1.352922e+01	2.277389e+00
1.353331e+01	2.276819e+00
1.353739e+01	2.276201e+00
1.354147e+01	2.275532e+00
1.354556e+01	2.274808e+00
1.354964e+01	2.274028e+00
1.355373e+01	2.273189e+00
1.355781e+01	2.272288e+00
1.356190e+01	2.271321e+00
1.356598e+01	2.270288e+00
1.357007e+01	2.269184e+00
1.357415e+01	2.268008e+00
1.357823e+01	2.266756e+00
1.358251e+01	2.265361e+00
1.358679e+01	2.263878e+00
1.359106e+01	2.262303e+00
1.359534e+01	2.260633e+00
1.359961e+01	2.258867e+00
1.360389e+01	2.257001e+00
1.360817e+01	2.255033e+00
1.361244e+01	2.252960e+00
1.362099e+01	2.248495e+00
1.362955e+01	2.243591e+00
1.363810e+01	2.238243e+00
1.364665e+01	2.232449e+00
1.365461e+01	2.226665e+00
1.366257e+01	2.220517e+00
1.367052e+01	2.214027e+00
1.367848e+01	2.207229e+00
1.368644e+01	2.200165e+00
1.369440e+01	2.192888e+00
1.371031e+01	2.177946e+00
1.372835e+01	2.161000e+00
1.373736e+01	2.152775e+00
1.374638e+01	2.144847e+00
1.375540e+01	2.137299e+00
1.376441e+01	2.130199e+00
1.377343e+01	2.123597e+00
1.378245e+01	2.117528e+00
1.379062e+01	2.112504e+00
1.379879e+01	2.107942e+00
1.380287e+01	2.105832e+00
1.380696e+01	2.103838e+00
1.381104e+01	2.101956e+00
1.381513e+01	2.100186e+00
1.381922e+01	2.098525e+00
1.382330e+01	2.096974e+00
1.382739e+01	2.095529e+00
1.383147e+01	2.094188e+00
1.383556e+01	2.092949e+00
1.383964e+01	2.091810e+00
1.384373e+01	2.090767e+00
1.384781e+01	2.089819e+00
1.385169e+01	2.089004e+00
1.385557e+01	2.088270e+00
1.385945e+01	2.087613e+00
1.386333e+01	2.087034e+00
1.386721e+01	2.086527e+00
1.387109e+01	2.086091e+00
1.387497e+01	2.085725e+00
1.387884e+01	2.085424e+00
1.388272e+01	2.085188e+00
1.388660e+01	2.085013e+00
1.389048e+01	2.084899e+00
1.389436e+01	2.084841e+00
1.389824e+01	2.084838e+00
1.390212e+01	2.084889e+00
1.390599e+01	2.084990e+00
1.390987e+01	2.085139e+00
1.391441e+01	2.085372e+00
1.391894e+01	2.085664e+00
1.392347e+01	2.086015e+00
1.392800e+01	2.086419e+00
1.393253e+01	2.086873e+00
1.393707e+01	2.087375e+00
1.394160e+01	2.087921e+00
1.394613e+01	2.088509e+00
1.395066e+01	2.089137e+00
1.395519e+01	2.089800e+00
1.395972e+01	2.090497e+00
1.396426e+01	2.091226e+00
1.396879e+01	2.091984e+00
1.397332e+01	2.092767e+00
1.397785e+01	2.093576e+00
1.398238e+01	2.094406e+00
1.399053e+01	2.095947e+00
1.399867e+01	2.097539e+00
1.400681e+01	2.099174e+00
1.401495e+01	2.100842e+00
1.402309e+01	2.102533e+00
1.403123e+01	2.104238e+00
1.404751e+01	2.107662e+00
1.405617e+01	2.109475e+00
1.406483e+01	2.111274e+00
1.407348e+01	2.113052e+00
1.408214e+01	2.114804e+00
1.409080e+01	2.116526e+00
1.409946e+01	2.118211e+00
1.410811e+01	2.119858e+00
1.411677e+01	2.121463e+00
1.412436e+01	2.122833e+00
1.413195e+01	2.124167e+00
1.413954e+01	2.125463e+00
1.414713e+01	2.126721e+00
1.415472e+01	2.127939e+00
1.416231e+01	2.129118e+00
1.416990e+01	2.130255e+00
1.417749e+01	2.131352e+00
1.418211e+01	2.131999e+00
1.418672e+01	2.132631e+00
1.419595e+01	2.133850e+00
1.420057e+01	2.134436e+00
1.420518e+01	2.135009e+00
1.420980e+01	2.135566e+00
1.421441e+01	2.136109e+00
1.422364e+01	2.137153e+00
1.423287e+01	2.138142e+00
1.423749e+01	2.138617e+00
1.424210e+01	2.139079e+00
1.424672e+01	2.139529e+00
1.425133e+01	2.139967e+00
1.425899e+01	2.140669e+00
1.426664e+01	2.141341e+00
1.427430e+01	2.141988e+00
1.428195e+01	2.142611e+00
1.428960e+01	2.143215e+00
1.429726e+01	2.143802e+00
1.431257e+01	2.144948e+00
1.432957e+01	2.146212e+00
1.433807e+01	2.146860e+00
1.434657e+01	2.147531e+00
1.435507e+01	2.148236e+00
1.436357e+01	2.148983e+00
1.436783e+01	2.149377e+00
1.437208e+01	2.149787e+00
1.437633e+01	2.150214e+00
1.438058e+01	2.150659e+00
1.438489e+01	2.151131e+00
1.438919e+01	2.151627e+00
1.439350e+01	2.152147e+00
1.439781e+01	2.152694e+00
1.440212e+01	2.153271e+00
1.440643e+01	2.153877e+00
1.441074e+01	2.154517e+00
1.441504e+01	2.155194e+00
1.441935e+01	2.155908e+00
1.442366e+01	2.156662e+00
1.442797e+01	2.157460e+00
1.443228e+01	2.158303e+00
1.443659e+01	2.159193e+00
1.444089e+01	2.160134e+00
1.444520e+01	2.161129e+00
1.444951e+01	2.162179e+00
1.445339e+01	2.163173e+00
1.445726e+01	2.164218e+00
1.446114e+01	2.165316e+00
1.446501e+01	2.166465e+00
1.446889e+01	2.167672e+00
1.447276e+01	2.168936e+00
1.447664e+01	2.170261e+00
1.448052e+01	2.171649e+00
1.448827e+01	2.174624e+00
1.449602e+01	2.177875e+00
1.450377e+01	2.181422e+00
1.451152e+01	2.185281e+00
1.452035e+01	2.190084e+00
1.452918e+01	2.195338e+00
1.453801e+01	2.201066e+00
1.454683e+01	2.207291e+00
1.455566e+01	2.214023e+00
1.456449e+01	2.221269e+00
1.457332e+01	2.229036e+00
1.458215e+01	2.237307e+00
1.459063e+01	2.245714e+00
1.459911e+01	2.254540e+00
1.460760e+01	2.263744e+00
1.461608e+01	2.273272e+00
1.463304e+01	2.293022e+00
1.465001e+01	2.313142e+00
1.466666e+01	2.332592e+00
1.467499e+01	2.342005e+00
1.468332e+01	2.351131e+00
1.469164e+01	2.359916e+00
1.469997e+01	2.368324e+00
1.470830e+01	2.376328e+00
1.471662e+01	2.383908e+00
1.472526e+01	2.391316e+00
1.473389e+01	2.398263e+00
1.474252e+01	2.404758e+00
1.475115e+01	2.410818e+00
1.475978e+01	2.416451e+00
1.476841e+01	2.421687e+00
1.477704e+01	2.426544e+00
1.478568e+01	2.431048e+00
1.479415e+01	2.435152e+00
1.480262e+01	2.438964e+00
1.480685e+01	2.440768e+00
1.481109e+01	2.442508e+00
1.481533e+01	2.444189e+00
1.481956e+01	2.445808e+00
1.482803e+01	2.448890e+00
1.483650e+01	2.451777e+00
1.484074e+01	2.453154e+00
1.484498e+01	2.454489e+00
1.485345e+01	2.457047e+00
1.486139e+01	2.459329e+00
1.486933e+01	2.461512e+00
1.487728e+01	2.463609e+00
1.488522e+01	2.465639e+00
1.489316e+01	2.467613e+00
1.490111e+01	2.469547e+00
1.491699e+01	2.473341e+00
1.493257e+01	2.477036e+00
1.494036e+01	2.478899e+00
1.494815e+01	2.480783e+00
1.495594e+01	2.482696e+00
1.496373e+01	2.484645e+00
1.497152e+01	2.486634e+00
1.497930e+01	2.488674e+00
1.498788e+01	2.490978e+00
1.499646e+01	2.493355e+00
1.500503e+01	2.495808e+00
1.501361e+01	2.498343e+00
1.502218e+01	2.500960e+00
1.503076e+01	2.503669e+00
1.503933e+01	2.506471e+00
1.504791e+01	2.509366e+00
1.505623e+01	2.512267e+00
1.506454e+01	2.515260e+00
1.507286e+01	2.518348e+00
1.508118e+01	2.521531e+00
1.508949e+01	2.524807e+00
1.509781e+01	2.528182e+00
1.510613e+01	2.531653e+00
1.511445e+01	2.535218e+00
1.512361e+01	2.539256e+00
1.513277e+01	2.543409e+00
1.514194e+01	2.547674e+00
1.515110e+01	2.552050e+00
1.516026e+01	2.556532e+00
1.516943e+01	2.561124e+00
1.517859e+01	2.565812e+00
1.518775e+01	2.570597e+00
1.520267e+01	2.578585e+00
1.521758e+01	2.586788e+00
1.523249e+01	2.595185e+00
1.524740e+01	2.603733e+00
1.526586e+01	2.614458e+00
1.528431e+01	2.625255e+00
1.530276e+01	2.636004e+00
1.532122e+01	2.646578e+00
1.532916e+01	2.651034e+00
1.533711e+01	2.655410e+00
1.534506e+01	2.659701e+00
1.535301e+01	2.663880e+00
1.536096e+01	2.667935e+00
1.536891e+01	2.671850e+00
1.537686e+01	2.675610e+00
1.538480e+01	2.679195e+00
1.539301e+01	2.682687e+00
1.540121e+01	2.685950e+00
1.540531e+01	2.687489e+00
1.540941e+01	2.688961e+00
1.541351e+01	2.690366e+00
1.541761e+01	2.691705e+00
1.542171e+01	2.692965e+00
1.542581e+01	2.694154e+00
1.542991e+01	2.695256e+00
1.543401e+01	2.696285e+00
1.543812e+01	2.697221e+00
1.544222e+01	2.698079e+00
1.544632e+01	2.698840e+00
1.545042e+01	2.699514e+00
1.545456e+01	2.700100e+00
1.545869e+01	2.700580e+00
1.546076e+01	2.700788e+00
1.546283e+01	2.700965e+00
1.546490e+01	2.701122e+00
1.546697e+01	2.701250e+00
1.546904e+01	2.701350e+00
1.547110e+01	2.701432e+00
1.547317e+01	2.701482e+00
1.547524e+01	2.701505e+00
1.547731e+01	2.701499e+00
1.547938e+01	2.701467e+00
1.548145e+01	2.701410e+00
1.548352e+01	2.701328e+00
1.548558e+01	2.701217e+00
1.548765e+01	2.701078e+00
1.548972e+01	2.700911e+00
1.549179e+01	2.700720e+00
1.549593e+01	2.700252e+00
1.550006e+01	2.699678e+00
1.550420e+01	2.699001e+00
1.550834e+01	2.698214e+00
1.551248e+01	2.697324e+00
1.551661e+01	2.696339e+00
1.552065e+01	2.695279e+00
1.552469e+01	2.694139e+00
1.552873e+01	2.692912e+00
1.553276e+01	2.691608e+00
1.553680e+01	2.690229e+00
1.554084e+01	2.688788e+00
1.554891e+01	2.685741e+00
1.555699e+01	2.682527e+00
1.556506e+01	2.679218e+00
1.557314e+01	2.675889e+00
1.558121e+01	2.672617e+00
1.559031e+01	2.669089e+00
1.559487e+01	2.667418e+00
1.559942e+01	2.665825e+00
1.560397e+01	2.664319e+00
1.560852e+01	2.662910e+00
1.561307e+01	2.661606e+00
1.561762e+01	2.660413e+00
1.562217e+01	2.659337e+00
1.562672e+01	2.658384e+00
1.563127e+01	2.657558e+00
1.563582e+01	2.656862e+00
1.563810e+01	2.656561e+00
1.564038e+01	2.656295e+00
1.564265e+01	2.656062e+00
1.564493e+01	2.655864e+00
1.564720e+01	2.655696e+00
1.564948e+01	2.655564e+00
1.565175e+01	2.655465e+00
1.565403e+01	2.655398e+00
1.565601e+01	2.655368e+00
1.565800e+01	2.655361e+00
1.565998e+01	2.655381e+00
1.566197e+01	2.655427e+00
1.566395e+01	2.655496e+00
1.566594e+01	2.655588e+00
1.566792e+01	2.655708e+00
1.566991e+01	2.655849e+00
1.567388e+01	2.656206e+00
1.567784e+01	2.656658e+00
1.568181e+01	2.657204e+00
1.568578e+01	2.657839e+00
1.568975e+01	2.658561e+00
1.569372e+01	2.659371e+00
1.569769e+01	2.660265e+00
1.570166e+01	2.661242e+00
1.570563e+01	2.662300e+00
1.570960e+01	2.663429e+00
1.571357e+01	2.664636e+00
1.571754e+01	2.665915e+00
1.572199e+01	2.667432e+00
1.572645e+01	2.669037e+00
1.573090e+01	2.670718e+00
1.573536e+01	2.672475e+00
1.574427e+01	2.676210e+00
1.575318e+01	2.680204e+00
1.576210e+01	2.684437e+00
1.577101e+01	2.688880e+00
1.577992e+01	2.693510e+00
1.578883e+01	2.698290e+00
1.579633e+01	2.702435e+00
1.580383e+01	2.706658e+00
1.581883e+01	2.715303e+00
1.583384e+01	2.724127e+00
1.584884e+01	2.733065e+00
1.586667e+01	2.743703e+00
1.588449e+01	2.754285e+00
1.590232e+01	2.764711e+00
1.591123e+01	2.769842e+00
1.592014e+01	2.774897e+00
1.592855e+01	2.779600e+00
1.593696e+01	2.784245e+00
1.594538e+01	2.788799e+00
1.595379e+01	2.793284e+00
1.596220e+01	2.797683e+00
1.597061e+01	2.801992e+00
1.597902e+01	2.806213e+00
1.598743e+01	2.810348e+00
1.599594e+01	2.814438e+00
1.600446e+01	2.818420e+00
1.601298e+01	2.822312e+00
1.602149e+01	2.826096e+00
1.603001e+01	2.829792e+00
1.603852e+01	2.833376e+00
1.604704e+01	2.836872e+00
1.605556e+01	2.840250e+00
1.606376e+01	2.843431e+00
1.607196e+01	2.846509e+00
1.608016e+01	2.849492e+00
1.608836e+01	2.852393e+00
1.609657e+01	2.855206e+00
1.610477e+01	2.857941e+00
1.611297e+01	2.860598e+00
1.612117e+01	2.863170e+00
1.612902e+01	2.865566e+00
1.613688e+01	2.867903e+00
1.614473e+01	2.870174e+00
1.615258e+01	2.872397e+00
1.616043e+01	2.874573e+00
1.616828e+01	2.876699e+00
1.617614e+01	2.878795e+00
1.618399e+01	2.880868e+00
1.620135e+01	2.885364e+00
1.621872e+01	2.889851e+00
1.622740e+01	2.892128e+00
1.623609e+01	2.894444e+00
1.624477e+01	2.896814e+00
1.625345e+01	2.899261e+00
1.626198e+01	2.901746e+00
1.627051e+01	2.904346e+00
1.627904e+01	2.907082e+00
1.628757e+01	2.909954e+00
1.629611e+01	2.912997e+00
1.630464e+01	2.916228e+00
1.631317e+01	2.919682e+00
1.632170e+01	2.923366e+00
1.633016e+01	2.927276e+00
1.633862e+01	2.931468e+00
1.634708e+01	2.935964e+00
1.635554e+01	2.940780e+00
1.636401e+01	2.945953e+00
1.637247e+01	2.951482e+00
1.638093e+01	2.957414e+00
1.638939e+01	2.963733e+00
1.639754e+01	2.970215e+00
1.640568e+01	2.977089e+00
1.641383e+01	2.984352e+00
1.642198e+01	2.992006e+00
1.643012e+01	3.000034e+00
1.643827e+01	3.008423e+00
1.644642e+01	3.017124e+00
1.645456e+01	3.026112e+00
1.647137e+01	3.045314e+00
1.648817e+01	3.064923e+00
1.650498e+01	3.084279e+00
1.651338e+01	3.093675e+00
1.652178e+01	3.102762e+00
1.653018e+01	3.111516e+00
1.653858e+01	3.119858e+00
1.654698e+01	3.127784e+00
1.655538e+01	3.135264e+00
1.656378e+01	3.142281e+00
1.657218e+01	3.148818e+00
1.658058e+01	3.154899e+00
1.658898e+01	3.160524e+00
1.659699e+01	3.165480e+00
1.660500e+01	3.170039e+00
1.661301e+01	3.174228e+00
1.662102e+01	3.178066e+00
1.662502e+01	3.179864e+00
1.662903e+01	3.181571e+00
1.663303e+01	3.183203e+00
1.663704e+01	3.184760e+00
1.664104e+01	3.186219e+00
1.664505e+01	3.187656e+00
1.664905e+01	3.188998e+00
1.665305e+01	3.190256e+00
1.665716e+01	3.191512e+00
1.666126e+01	3.192687e+00
1.666536e+01	3.193811e+00
1.666946e+01	3.194857e+00
1.667356e+01	3.195837e+00
1.667767e+01	3.196782e+00
1.668177e+01	3.197692e+00
1.668587e+01	3.198520e+00
1.668997e+01	3.199316e+00
1.669407e+01	3.200060e+00
1.669817e+01	3.200783e+00
1.670228e+01	3.201447e+00
1.670638e+01	3.202081e+00
1.671048e+01	3.202677e+00
1.671458e+01	3.203239e+00
1.671868e+01	3.203765e+00
1.672329e+01	3.204325e+00
1.672790e+01	3.204851e+00
1.673251e+01	3.205340e+00
1.673711e+01	3.205798e+00
1.674172e+01	3.206238e+00
1.674633e+01	3.206656e+00
1.675094e+01	3.207040e+00
1.675555e+01	3.207409e+00
1.676015e+01	3.207756e+00
1.676476e+01	3.208097e+00
1.676937e+01	3.208398e+00
1.677398e+01	3.208712e+00
1.678319e+01	3.209292e+00
1.679241e+01	3.209846e+00
1.680010e+01	3.210278e+00
1.680779e+01	3.210732e+00
1.682317e+01	3.211606e+00
1.683086e+01	3.212056e+00
1.683855e+01	3.212538e+00
1.684624e+01	3.213021e+00
1.685394e+01	3.213524e+00
1.686207e+01	3.214088e+00
1.687020e+01	3.214684e+00
1.687833e+01	3.215308e+00
1.688646e+01	3.215980e+00
1.689459e+01	3.216692e+00
1.690273e+01	3.217432e+00
1.691086e+01	3.218221e+00
1.691899e+01	3.219062e+00
1.692760e+01	3.219982e+00
1.693191e+01	3.220466e+00
1.693621e+01	3.220957e+00
1.694483e+01	3.221984e+00
1.695344e+01	3.223050e+00
1.696205e+01	3.224169e+00
1.697066e+01	3.225335e+00
1.697927e+01	3.226547e+00
1.698789e+01	3.227798e+00
1.699637e+01	3.229064e+00
1.700485e+01	3.230373e+00
1.701333e+01	3.231699e+00
1.702181e+01	3.233062e+00
1.703029e+01	3.234456e+00
1.703876e+01	3.235846e+00
1.705572e+01	3.238681e+00
1.706465e+01	3.240161e+00
1.707358e+01	3.241640e+00
1.708251e+01	3.243098e+00
1.709143e+01	3.244521e+00
1.710036e+01	3.245905e+00
1.710929e+01	3.247225e+00
1.711375e+01	3.247854e+00
1.711821e+01	3.248470e+00
1.712268e+01	3.249063e+00
1.712714e+01	3.249628e+00
1.713106e+01	3.250104e+00
1.713497e+01	3.250559e+00
1.713888e+01	3.250991e+00
1.714280e+01	3.251400e+00
1.714671e+01	3.251779e+00
1.715062e+01	3.252134e+00
1.715454e+01	3.252459e+00
1.715845e+01	3.252752e+00
1.716236e+01	3.253011e+00
1.716628e+01	3.253237e+00
1.717019e+01	3.253424e+00
1.717410e+01	3.253582e+00
1.717802e+01	3.253685e+00
1.718193e+01	3.253752e+00
1.718584e+01	3.253775e+00
1.718976e+01	3.253752e+00
1.719386e+01	3.253686e+00
1.719796e+01	3.253544e+00
1.720207e+01	3.253361e+00
1.720617e+01	3.253102e+00
1.721027e+01	3.252788e+00
1.721437e+01	3.252408e+00
1.721848e+01	3.251960e+00
1.722258e+01	3.251439e+00
1.722668e+01	3.250847e+00
1.723079e+01	3.250179e+00
1.723489e+01	3.249432e+00
1.723899e+01	3.248595e+00
1.724310e+01	3.247687e+00
1.724720e+01	3.246691e+00
1.725130e+01	3.245595e+00
1.725540e+01	3.244423e+00
1.725948e+01	3.243158e+00
1.726356e+01	3.241797e+00
1.726764e+01	3.240342e+00
1.727172e+01	3.238782e+00
1.727580e+01	3.237124e+00
1.727988e+01	3.235363e+00
1.728396e+01	3.233500e+00
1.728803e+01	3.231527e+00
1.729619e+01	3.227252e+00
1.730435e+01	3.222566e+00
1.731251e+01	3.217426e+00
1.732067e+01	3.211871e+00
1.732931e+01	3.205545e+00
1.733796e+01	3.198780e+00
1.734661e+01	3.191605e+00
1.735526e+01	3.184109e+00
1.736391e+01	3.176345e+00
1.737256e+01	3.168390e+00
1.738985e+01	3.152256e+00
1.740684e+01	3.136693e+00
1.741534e+01	3.129212e+00
1.742383e+01	3.122018e+00
1.743232e+01	3.115162e+00
1.744082e+01	3.108694e+00
1.744931e+01	3.102620e+00
1.745780e+01	3.096947e+00
1.746606e+01	3.091857e+00
1.747431e+01	3.087168e+00
1.747844e+01	3.084972e+00
1.748256e+01	3.082874e+00
1.749082e+01	3.078963e+00
1.749495e+01	3.077147e+00
1.749907e+01	3.075421e+00
1.750320e+01	3.073784e+00
1.750733e+01	3.072232e+00
1.751145e+01	3.070763e+00
1.751558e+01	3.069375e+00
1.751971e+01	3.068064e+00
1.752383e+01	3.066829e+00
1.752816e+01	3.065614e+00
1.753248e+01	3.064474e+00
1.753680e+01	3.063409e+00
1.754113e+01	3.062422e+00
1.754545e+01	3.061485e+00
1.754978e+01	3.060620e+00
1.755410e+01	3.059817e+00
1.755842e+01	3.059071e+00
1.756275e+01	3.058380e+00
1.756707e+01	3.057740e+00
1.757139e+01	3.057149e+00
1.757572e+01	3.056604e+00
1.758004e+01	3.056101e+00
1.758437e+01	3.055638e+00
1.758869e+01	3.055212e+00
1.759301e+01	3.054820e+00
1.759715e+01	3.054474e+00
1.760129e+01	3.054155e+00
1.760542e+01	3.053861e+00
1.760956e+01	3.053588e+00
1.761369e+01	3.053335e+00
1.761783e+01	3.053100e+00
1.762197e+01	3.052881e+00
1.762610e+01	3.052676e+00
1.763438e+01	3.052298e+00
1.764265e+01	3.051953e+00
1.765092e+01	3.051626e+00
1.765920e+01	3.051304e+00
1.766725e+01	3.050985e+00
1.767531e+01	3.050649e+00
1.768337e+01	3.050286e+00
1.769142e+01	3.049888e+00
1.769545e+01	3.049673e+00
1.769948e+01	3.049446e+00
1.770351e+01	3.049207e+00
1.770754e+01	3.048953e+00
1.771157e+01	3.048686e+00
1.771560e+01	3.048403e+00
1.771963e+01	3.048104e+00
1.772365e+01	3.047788e+00
1.772788e+01	3.047439e+00
1.773210e+01	3.047070e+00
1.773632e+01	3.046680e+00
1.774054e+01	3.046269e+00
1.774476e+01	3.045837e+00
1.774898e+01	3.045382e+00
1.775321e+01	3.044904e+00
1.775743e+01	3.044403e+00
1.776165e+01	3.043878e+00
1.776587e+01	3.043329e+00
1.777009e+01	3.042755e+00
1.777431e+01	3.042156e+00
1.777854e+01	3.041531e+00
1.778276e+01	3.040882e+00
1.778698e+01	3.040206e+00
1.779120e+01	3.039504e+00
1.779522e+01	3.038811e+00
1.779924e+01	3.038094e+00
1.780728e+01	3.036587e+00
1.781131e+01	3.035797e+00
1.781533e+01	3.034982e+00
1.781935e+01	3.034143e+00
1.782337e+01	3.033280e+00
1.783141e+01	3.031478e+00
1.783945e+01	3.029579e+00
1.784749e+01	3.027582e+00
1.785553e+01	3.025488e+00
1.786433e+01	3.023086e+00
1.787313e+01	3.020572e+00
1.788193e+01	3.017947e+00
1.789073e+01	3.015213e+00
1.789953e+01	3.012376e+00
1.790833e+01	3.009437e+00
1.791713e+01	3.006403e+00
1.792592e+01	3.003278e+00
1.793404e+01	3.000319e+00
1.794216e+01	2.997292e+00
1.795028e+01	2.994205e+00
1.795840e+01	2.991062e+00
1.796651e+01	2.987871e+00
1.797463e+01	2.984639e+00
1.799087e+01	2.978087e+00
1.800909e+01	2.970672e+00
1.802731e+01	2.963313e+00
1.803642e+01	2.959697e+00
1.804553e+01	2.956151e+00
1.805464e+01	2.952695e+00
1.806375e+01	2.949352e+00
1.807175e+01	2.946525e+00
1.807976e+01	2.943820e+00
1.808777e+01	2.941254e+00
1.809577e+01	2.938846e+00
1.809978e+01	2.937706e+00
1.810378e+01	2.936613e+00
1.810778e+01	2.935568e+00
1.811178e+01	2.934575e+00
1.811579e+01	2.933635e+00
1.811979e+01	2.932751e+00
1.812379e+01	2.931926e+00
1.812780e+01	2.931162e+00
1.813194e+01	2.930438e+00
1.813607e+01	2.929785e+00
1.814021e+01	2.929205e+00
1.814435e+01	2.928702e+00
1.814849e+01	2.928276e+00
1.815263e+01	2.927933e+00
1.815470e+01	2.927792e+00
1.815677e+01	2.927672e+00
1.816091e+01	2.927499e+00
1.816298e+01	2.927445e+00
1.816505e+01	2.927414e+00
1.816712e+01	2.927405e+00
1.816919e+01	2.927419e+00
1.817126e+01	2.927457e+00
1.817333e+01	2.927518e+00
1.817540e+01	2.927603e+00
1.817746e+01	2.927712e+00
1.818160e+01	2.928003e+00
1.818367e+01	2.928185e+00
1.818574e+01	2.928392e+00
1.818988e+01	2.928881e+00
1.819402e+01	2.929471e+00
1.819829e+01	2.930187e+00
1.820256e+01	2.931010e+00
1.820683e+01	2.931943e+00
1.821110e+01	2.932984e+00
1.821537e+01	2.934132e+00
1.821964e+01	2.935386e+00
1.822391e+01	2.936743e+00
1.822818e+01	2.938202e+00
1.823245e+01	2.939757e+00
1.823672e+01	2.941406e+00
1.824099e+01	2.943197e+00
1.824526e+01	2.944962e+00
1.825379e+01	2.948821e+00
1.826233e+01	2.952920e+00
1.827082e+01	2.957161e+00
1.827930e+01	2.961490e+00
1.828779e+01	2.965863e+00
1.829627e+01	2.970075e+00
1.830476e+01	2.974165e+00
1.831325e+01	2.978017e+00
1.831749e+01	2.979872e+00
1.832173e+01	2.981566e+00
1.832597e+01	2.983210e+00
1.833022e+01	2.984758e+00
1.833438e+01	2.986180e+00
1.833854e+01	2.987501e+00
1.834270e+01	2.988720e+00
1.834686e+01	2.989832e+00
1.835102e+01	2.990836e+00
1.835518e+01	2.991731e+00
1.835935e+01	2.992548e+00
1.836351e+01	2.993190e+00
1.836767e+01	2.993785e+00
1.836975e+01	2.993995e+00
1.837183e+01	2.994237e+00
1.837391e+01	2.994423e+00
1.837599e+01	2.994552e+00
1.838015e+01	2.994788e+00
1.838223e+01	2.994894e+00
1.838431e+01	2.994917e+00
1.838639e+01	2.994942e+00
1.838847e+01	2.994969e+00
1.839056e+01	2.994961e+00
1.839264e+01	2.994889e+00
1.839472e+01	2.994810e+00
1.839680e+01	2.994681e+00
1.840088e+01	2.994434e+00
1.840292e+01	2.994237e+00
1.840496e+01	2.994068e+00
1.840904e+01	2.993611e+00
1.841312e+01	2.993065e+00
1.841720e+01	2.992435e+00
1.842128e+01	2.991721e+00
1.842535e+01	2.990904e+00
1.842943e+01	2.990032e+00
1.843351e+01	2.989106e+00
1.843759e+01	2.988065e+00
1.844167e+01	2.986975e+00
1.844575e+01	2.985839e+00
1.844983e+01	2.984597e+00
1.845391e+01	2.983333e+00
1.845799e+01	2.981989e+00
1.846207e+01	2.980611e+00
1.846642e+01	2.979038e+00
1.847077e+01	2.977429e+00
1.847946e+01	2.974045e+00
1.848815e+01	2.970464e+00
1.849685e+01	2.966691e+00
1.850554e+01	2.962797e+00
1.851423e+01	2.958753e+00
1.852293e+01	2.954595e+00
1.853162e+01	2.950327e+00
1.853980e+01	2.946268e+00
1.854799e+01	2.942139e+00
1.856436e+01	2.933767e+00
1.858073e+01	2.925341e+00
1.859709e+01	2.916879e+00
1.861286e+01	2.908817e+00
1.862863e+01	2.900891e+00
1.864439e+01	2.893115e+00
1.865228e+01	2.889308e+00
1.866016e+01	2.885524e+00
1.866876e+01	2.881492e+00
1.867735e+01	2.877545e+00
1.868594e+01	2.873633e+00
1.869454e+01	2.869841e+00
1.870313e+01	2.866097e+00
1.871172e+01	2.862451e+00
1.872032e+01	2.858878e+00
1.872891e+01	2.855366e+00
1.873713e+01	2.852105e+00
1.874535e+01	2.848923e+00
1.875356e+01	2.845831e+00
1.876178e+01	2.842794e+00
1.877000e+01	2.839829e+00
1.877822e+01	2.836915e+00
1.878644e+01	2.834110e+00
1.879465e+01	2.831331e+00
1.880268e+01	2.828718e+00
1.881071e+01	2.826121e+00
1.881873e+01	2.823607e+00
1.882676e+01	2.821144e+00
1.883479e+01	2.818713e+00
1.884281e+01	2.816321e+00
1.885084e+01	2.813940e+00
1.885887e+01	2.811629e+00
1.887724e+01	2.806350e+00
1.889561e+01	2.801073e+00
1.890479e+01	2.798399e+00
1.891398e+01	2.795657e+00
1.892316e+01	2.792885e+00
1.893235e+01	2.790032e+00
1.893998e+01	2.787563e+00
1.894762e+01	2.785018e+00
1.895525e+01	2.782386e+00
1.896288e+01	2.779646e+00
1.897052e+01	2.776765e+00
1.897815e+01	2.773763e+00
1.898579e+01	2.770599e+00
1.899342e+01	2.767259e+00
1.900269e+01	2.762966e+00
1.900733e+01	2.760705e+00
1.901196e+01	2.758352e+00
1.902123e+01	2.753421e+00
1.903050e+01	2.748125e+00
1.903978e+01	2.742443e+00
1.904905e+01	2.736347e+00
1.905832e+01	2.729805e+00
1.906759e+01	2.722787e+00
1.907551e+01	2.716430e+00
1.908343e+01	2.709686e+00
1.909135e+01	2.702573e+00
1.909926e+01	2.695127e+00
1.910718e+01	2.687312e+00
1.911510e+01	2.679131e+00
1.912302e+01	2.670643e+00
1.913094e+01	2.661835e+00
1.914721e+01	2.643038e+00
1.916348e+01	2.623553e+00
1.917974e+01	2.603972e+00
1.919601e+01	2.584838e+00
1.920480e+01	2.574862e+00
1.921358e+01	2.565245e+00
1.922237e+01	2.556028e+00
1.923116e+01	2.547256e+00
1.923994e+01	2.538935e+00
1.924873e+01	2.531105e+00
1.925752e+01	2.523749e+00
1.926630e+01	2.516879e+00
1.927482e+01	2.510669e+00
1.928334e+01	2.504887e+00
1.929186e+01	2.499519e+00
1.930037e+01	2.494548e+00
1.930889e+01	2.489944e+00
1.931315e+01	2.487769e+00
1.931741e+01	2.485689e+00
1.932593e+01	2.481760e+00
1.933445e+01	2.478134e+00
1.934226e+01	2.475034e+00
1.935008e+01	2.472185e+00
1.935399e+01	2.470832e+00
1.935790e+01	2.469533e+00
1.936181e+01	2.468273e+00
1.936572e+01	2.467057e+00
1.937353e+01	2.464740e+00
1.938135e+01	2.462589e+00
1.938526e+01	2.461570e+00
1.938917e+01	2.460575e+00
1.939699e+01	2.458674e+00
1.940522e+01	2.456785e+00
1.941345e+01	2.455022e+00
1.942168e+01	2.453333e+00
1.942991e+01	2.451711e+00
1.943814e+01	2.450183e+00
1.944637e+01	2.448692e+00
1.945461e+01	2.447235e+00
1.946284e+01	2.445812e+00
1.947186e+01	2.444275e+00
1.948088e+01	2.442751e+00
1.949891e+01	2.439709e+00
1.950793e+01	2.438143e+00
1.951695e+01	2.436575e+00
1.952597e+01	2.434977e+00
1.953499e+01	2.433342e+00
1.954244e+01	2.431961e+00
1.954988e+01	2.430529e+00
1.955733e+01	2.429102e+00
1.956477e+01	2.427625e+00
1.957222e+01	2.426093e+00
1.957966e+01	2.424554e+00
1.958711e+01	2.422962e+00
1.959455e+01	2.421331e+00
1.960392e+01	2.419242e+00
1.961328e+01	2.417060e+00
1.962264e+01	2.414845e+00
1.963200e+01	2.412560e+00
1.964136e+01	2.410177e+00
1.965072e+01	2.407786e+00
1.966008e+01	2.405348e+00
1.966944e+01	2.402839e+00
1.967757e+01	2.400640e+00
1.968570e+01	2.398387e+00
1.970197e+01	2.393866e+00
1.971823e+01	2.389280e+00
1.973449e+01	2.384671e+00
1.974298e+01	2.382284e+00
1.975146e+01	2.379935e+00
1.975995e+01	2.377577e+00
1.976843e+01	2.375329e+00
1.977692e+01	2.373103e+00
1.978540e+01	2.370935e+00
1.979389e+01	2.368864e+00
1.980237e+01	2.366904e+00
1.980842e+01	2.365559e+00
1.981446e+01	2.364294e+00
1.982051e+01	2.363073e+00
1.982655e+01	2.361939e+00
1.983260e+01	2.360912e+00
1.983864e+01	2.359963e+00
1.984167e+01	2.359534e+00
1.984469e+01	2.359102e+00
1.984771e+01	2.358711e+00
1.985073e+01	2.358358e+00
1.985376e+01	2.358027e+00
1.985678e+01	2.357720e+00
1.985980e+01	2.357442e+00
1.986282e+01	2.357214e+00
1.986585e+01	2.356989e+00
1.986887e+01	2.356824e+00
1.987189e+01	2.356660e+00
1.987491e+01	2.356575e+00
1.987794e+01	2.356485e+00
1.988096e+01	2.356446e+00
1.988398e+01	2.356461e+00
1.988700e+01	2.356486e+00
1.989003e+01	2.356566e+00
1.989305e+01	2.356711e+00
1.989607e+01	2.356855e+00
1.989910e+01	2.357074e+00
1.990212e+01	2.357307e+00
1.990514e+01	2.357608e+00
1.990816e+01	2.357950e+00
1.991119e+01	2.358328e+00
1.991421e+01	2.358779e+00
1.991723e+01	2.359247e+00
1.992025e+01	2.359811e+00
1.992328e+01	2.360382e+00
1.992630e+01	2.361031e+00
1.992932e+01	2.361722e+00
1.993234e+01	2.362439e+00
1.993537e+01	2.363235e+00
1.994141e+01	2.364991e+00
1.994746e+01	2.366972e+00
1.995350e+01	2.369210e+00
1.995955e+01	2.371622e+00
1.996559e+01	2.374283e+00
1.997164e+01	2.377182e+00
1.997768e+01	2.380336e+00
1.998373e+01	2.383655e+00
1.998977e+01	2.387217e+00
1.999582e+01	2.390977e+00
1.999791e+01	2.392331e+00
2.000000e+01	2.393715e+00
