0.000000e+00	0.000000e+00
4.180602e-03	7.622591e-03
1.224083e-02	2.239784e-02
1.627094e-02	2.983124e-02
2.030105e-02	3.730008e-02
2.433116e-02	4.480865e-02
2.836128e-02	5.236115e-02
3.239139e-02	5.996099e-02
3.642150e-02	6.761183e-02
4.045161e-02	7.531746e-02
4.448172e-02	8.308176e-02
4.851184e-02	9.090863e-02
5.254195e-02	9.880195e-02
5.657206e-02	1.067657e-01
6.060217e-02	1.148037e-01
6.463229e-02	1.229202e-01
6.866240e-02	1.311190e-01
7.266040e-02	1.393379e-01
7.665840e-02	1.476460e-01
8.065641e-02	1.560473e-01
8.465441e-02	1.645459e-01
8.865242e-02	1.731460e-01
9.265042e-02	1.818517e-01
9.664842e-02	1.906674e-01
1.006464e-01	1.995972e-01
1.046444e-01	2.086457e-01
1.086424e-01	2.178171e-01
1.126404e-01	2.271159e-01
1.166384e-01	2.365467e-01
1.206364e-01	2.461141e-01
1.246344e-01	2.558226e-01
1.286325e-01	2.656769e-01
1.326305e-01	2.756819e-01
1.370882e-01	2.870208e-01
1.415459e-01	2.985598e-01
1.460036e-01	3.103057e-01
1.504613e-01	3.222650e-01
1.549190e-01	3.344466e-01
1.593768e-01	3.468562e-01
1.638345e-01	3.595015e-01
1.682922e-01	3.723901e-01
1.727499e-01	3.855295e-01
1.772076e-01	3.989276e-01
1.816654e-01	4.125923e-01
1.861231e-01	4.265317e-01
1.905808e-01	4.407539e-01
1.950385e-01	4.552673e-01
1.994962e-01	4.700804e-01
2.039539e-01	4.852017e-01
2.077878e-01	4.984600e-01
2.116217e-01	5.119584e-01
2.154555e-01	5.257028e-01
2.192894e-01	5.396989e-01
2.231232e-01	5.539527e-01
2.269571e-01	5.684703e-01
2.307909e-01	5.832578e-01
2.346248e-01	5.983214e-01
2.384586e-01	6.136675e-01
2.422925e-01	6.293023e-01
2.461263e-01	6.452325e-01
2.499602e-01	6.614646e-01
2.537940e-01	6.780052e-01
2.576279e-01	6.948612e-01
2.614618e-01	7.120394e-01
2.652956e-01	7.295467e-01
2.696909e-01	7.500322e-01
2.740863e-01	7.709704e-01
2.784816e-01	7.923724e-01
2.828769e-01	8.142492e-01
2.872722e-01	8.366121e-01
2.916676e-01	8.594726e-01
2.960629e-01	8.828422e-01
3.004582e-01	9.067328e-01
3.048535e-01	9.311562e-01
3.092489e-01	9.561246e-01
3.136442e-01	9.816502e-01
3.180395e-01	1.007745e+00
3.224348e-01	1.034422e+00
3.268302e-01	1.061693e+00
3.312255e-01	1.089572e+00
3.356208e-01	1.118070e+00
3.398471e-01	1.146069e+00
3.440734e-01	1.174665e+00
3.482996e-01	1.203869e+00
3.525259e-01	1.233694e+00
3.567522e-01	1.264149e+00
3.609785e-01	1.295249e+00
3.652048e-01	1.327004e+00
3.694310e-01	1.359426e+00
3.736573e-01	1.392526e+00
3.778836e-01	1.426317e+00
3.821099e-01	1.460810e+00
3.863361e-01	1.496018e+00
3.905624e-01	1.531951e+00
3.947887e-01	1.568621e+00
3.990150e-01	1.606039e+00
4.032412e-01	1.644217e+00
4.072724e-01	1.681350e+00
4.113036e-01	1.719194e+00
4.153348e-01	1.757757e+00
4.193660e-01	1.797049e+00
4.233972e-01	1.837079e+00
4.274283e-01	1.877854e+00
4.314595e-01	1.919385e+00
4.354907e-01	1.961678e+00
4.395219e-01	2.004741e+00
4.435531e-01	2.048582e+00
4.475842e-01	2.093207e+00
4.516154e-01	2.138625e+00
4.556466e-01	2.184839e+00
4.596778e-01	2.231857e+00
4.637090e-01	2.279684e+00
4.677402e-01	2.328325e+00
4.720511e-01	2.381247e+00
4.763620e-01	2.435108e+00
4.806729e-01	2.489914e+00
4.849838e-01	2.545667e+00
4.892948e-01	2.602370e+00
4.936057e-01	2.660025e+00
4.979166e-01	2.718633e+00
5.022275e-01	2.778193e+00
5.108494e-01	2.900167e+00
5.194712e-01	3.025930e+00
5.280930e-01	3.155453e+00
5.367149e-01	3.288691e+00
5.453752e-01	3.426205e+00
5.540355e-01	3.567340e+00
5.626958e-01	3.712020e+00
5.713561e-01	3.860161e+00
5.800164e-01	4.011671e+00
5.886767e-01	4.166458e+00
5.973370e-01	4.324437e+00
6.059973e-01	4.485524e+00
6.138815e-01	4.634820e+00
6.217657e-01	4.786595e+00
6.296499e-01	4.940823e+00
6.375341e-01	5.097495e+00
6.454184e-01	5.256622e+00
6.533026e-01	5.418240e+00
6.611868e-01	5.582409e+00
6.690710e-01	5.749217e+00
6.779065e-01	5.939430e+00
6.867420e-01	6.133313e+00
6.955774e-01	6.331118e+00
7.044129e-01	6.533142e+00
7.132484e-01	6.739730e+00
7.220839e-01	6.951246e+00
7.309194e-01	7.168074e+00
7.397549e-01	7.390593e+00
7.480626e-01	7.605341e+00
7.563703e-01	7.825688e+00
7.646780e-01	8.051789e+00
7.729857e-01	8.283671e+00
7.812935e-01	8.521161e+00
7.896012e-01	8.763816e+00
7.979089e-01	9.010812e+00
8.062166e-01	9.260843e+00
8.137057e-01	9.487252e+00
8.211948e-01	9.712627e+00
8.286838e-01	9.934470e+00
8.361729e-01	1.014957e+01
8.436620e-01	1.035413e+01
8.474065e-01	1.045109e+01
8.511510e-01	1.054371e+01
8.548956e-01	1.063137e+01
8.586401e-01	1.071342e+01
8.623847e-01	1.078921e+01
8.661292e-01	1.085810e+01
8.683376e-01	1.089525e+01
8.705460e-01	1.092967e+01
8.727545e-01	1.096122e+01
8.749629e-01	1.098982e+01
8.771713e-01	1.101535e+01
8.793797e-01	1.103772e+01
8.815881e-01	1.105685e+01
8.837966e-01	1.107265e+01
8.849008e-01	1.107929e+01
8.860050e-01	1.108508e+01
8.871092e-01	1.109000e+01
8.882134e-01	1.109407e+01
8.893176e-01	1.109726e+01
8.898697e-01	1.109853e+01
8.904218e-01	1.109958e+01
8.909739e-01	1.110042e+01
8.915260e-01	1.110103e+01
8.920781e-01	1.110143e+01
8.926302e-01	1.110160e+01
8.931823e-01	1.110156e+01
8.937344e-01	1.110130e+01
8.942865e-01	1.110081e+01
8.948386e-01	1.110011e+01
8.953908e-01	1.109919e+01
8.959429e-01	1.109805e+01
8.970471e-01	1.109511e+01
8.981513e-01	1.109129e+01
8.992555e-01	1.108661e+01
9.003597e-01	1.108106e+01
9.014639e-01	1.107464e+01
9.036723e-01	1.105924e+01
9.058807e-01	1.104047e+01
9.080892e-01	1.101838e+01
9.102976e-01	1.099306e+01
9.125060e-01	1.096458e+01
9.147144e-01	1.093305e+01
9.169228e-01	1.089857e+01
9.191313e-01	1.086125e+01
9.235481e-01	1.077857e+01
9.279649e-01	1.068600e+01
9.323818e-01	1.058461e+01
9.367986e-01	1.047546e+01
9.411997e-01	1.036004e+01
9.456008e-01	1.023900e+01
9.544030e-01	9.983858e+00
9.632053e-01	9.716980e+00
9.720075e-01	9.444066e+00
9.808097e-01	9.169559e+00
9.896119e-01	8.896745e+00
9.984141e-01	8.627927e+00
1.007216e+00	8.364619e+00
1.015438e+00	8.124455e+00
1.023660e+00	7.890260e+00
1.031881e+00	7.662148e+00
1.040103e+00	7.440061e+00
1.048325e+00	7.223813e+00
1.056546e+00	7.013141e+00
1.064768e+00	6.807740e+00
1.072990e+00	6.607282e+00
1.080587e+00	6.426148e+00
1.088185e+00	6.248706e+00
1.095783e+00	6.074721e+00
1.103381e+00	5.903978e+00
1.110978e+00	5.736282e+00
1.118576e+00	5.571463e+00
1.126174e+00	5.409376e+00
1.133772e+00	5.249897e+00
1.142513e+00	5.069507e+00
1.151255e+00	4.892324e+00
1.159997e+00	4.718269e+00
1.168738e+00	4.547294e+00
1.177480e+00	4.379377e+00
1.186222e+00	4.214520e+00
1.194964e+00	4.052743e+00
1.203705e+00	3.894080e+00
1.211663e+00	3.752397e+00
1.219620e+00	3.613363e+00
1.227577e+00	3.477018e+00
1.235534e+00	3.343395e+00
1.243492e+00	3.212528e+00
1.251449e+00	3.084446e+00
1.259406e+00	2.959170e+00
1.267364e+00	2.836716e+00
1.276597e+00	2.698168e+00
1.281214e+00	2.630323e+00
1.285831e+00	2.563429e+00
1.295064e+00	2.432480e+00
1.304298e+00	2.305290e+00
1.308915e+00	2.243089e+00
1.313532e+00	2.181808e+00
1.318148e+00	2.121438e+00
1.322765e+00	2.061970e+00
1.327382e+00	2.003395e+00
1.331999e+00	1.945701e+00
1.336616e+00	1.888876e+00
1.341232e+00	1.832909e+00
1.349064e+00	1.739898e+00
1.356895e+00	1.649246e+00
1.364726e+00	1.560878e+00
1.372557e+00	1.474716e+00
1.380388e+00	1.390676e+00
1.388219e+00	1.308673e+00
1.396050e+00	1.228617e+00
1.403881e+00	1.150415e+00
1.408115e+00	1.108871e+00
1.412350e+00	1.067827e+00
1.416584e+00	1.027268e+00
1.420818e+00	9.871761e-01
1.429286e+00	9.083362e-01
1.433520e+00	8.695563e-01
1.437755e+00	8.311819e-01
1.446223e+00	7.555854e-01
1.454691e+00	6.814181e-01
1.463160e+00	6.085507e-01
1.471628e+00	5.368530e-01
1.480193e+00	4.653916e-01
1.488758e+00	3.948580e-01
1.497323e+00	3.251167e-01
1.505889e+00	2.560322e-01
1.514454e+00	1.875147e-01
1.523019e+00	1.193385e-01
1.540149e+00	-1.639951e-02
1.556186e+00	-1.435262e-01
1.564204e+00	-2.073952e-01
1.572223e+00	-2.716161e-01
1.580241e+00	-3.362998e-01
1.588259e+00	-4.015575e-01
1.596277e+00	-4.675000e-01
1.604296e+00	-5.342381e-01
1.612666e+00	-6.048749e-01
1.621037e+00	-6.766247e-01
1.629407e+00	-7.496125e-01
1.637777e+00	-8.239625e-01
1.641962e+00	-8.616871e-01
1.646148e+00	-8.997986e-01
1.650333e+00	-9.383124e-01
1.654518e+00	-9.772437e-01
1.662888e+00	-1.056419e+00
1.671259e+00	-1.137444e+00
1.675594e+00	-1.180171e+00
1.679928e+00	-1.223442e+00
1.684263e+00	-1.267273e+00
1.688598e+00	-1.311679e+00
1.692933e+00	-1.356675e+00
1.697268e+00	-1.402278e+00
1.701602e+00	-1.448502e+00
1.705937e+00	-1.495362e+00
1.710272e+00	-1.542872e+00
1.714607e+00	-1.591047e+00
1.723276e+00	-1.689442e+00
1.727611e+00	-1.739689e+00
1.731946e+00	-1.790652e+00
1.736281e+00	-1.842344e+00
1.740616e+00	-1.894775e+00
1.748484e+00	-1.991879e+00
1.756353e+00	-2.091518e+00
1.764222e+00	-2.193746e+00
1.772091e+00	-2.298610e+00
1.779960e+00	-2.406151e+00
1.787829e+00	-2.516403e+00
1.795698e+00	-2.629390e+00
1.803567e+00	-2.745128e+00
1.812636e+00	-2.881939e+00
1.821705e+00	-3.022419e+00
1.830774e+00	-3.166554e+00
1.839843e+00	-3.314322e+00
1.848911e+00	-3.465689e+00
1.857980e+00	-3.620612e+00
1.867049e+00	-3.779043e+00
1.876118e+00	-3.940936e+00
1.884461e+00	-4.092891e+00
1.892804e+00	-4.247706e+00
1.901147e+00	-4.405358e+00
1.909491e+00	-4.565837e+00
1.917834e+00	-4.729147e+00
1.926177e+00	-4.895311e+00
1.934520e+00	-5.064373e+00
1.942863e+00	-5.236402e+00
1.950577e+00	-5.398175e+00
1.958290e+00	-5.562672e+00
1.966004e+00	-5.730012e+00
1.973718e+00	-5.900342e+00
1.981431e+00	-6.073833e+00
1.989145e+00	-6.250678e+00
1.996858e+00	-6.431094e+00
2.004572e+00	-6.615315e+00
2.013452e+00	-6.832417e+00
2.022332e+00	-7.055268e+00
2.031211e+00	-7.284247e+00
2.040091e+00	-7.519680e+00
2.048971e+00	-7.761818e+00
2.057851e+00	-8.010774e+00
2.066731e+00	-8.266460e+00
2.075611e+00	-8.528469e+00
2.083472e+00	-8.765049e+00
2.091333e+00	-9.004994e+00
2.107055e+00	-9.488841e+00
2.114916e+00	-9.728176e+00
2.122778e+00	-9.961552e+00
2.130639e+00	-1.018484e+01
2.134569e+00	-1.029121e+01
2.138500e+00	-1.039318e+01
2.142962e+00	-1.050268e+01
2.147424e+00	-1.060453e+01
2.151885e+00	-1.069765e+01
2.156347e+00	-1.078098e+01
2.158578e+00	-1.081866e+01
2.160809e+00	-1.085351e+01
2.163040e+00	-1.088542e+01
2.165271e+00	-1.091429e+01
2.167502e+00	-1.094001e+01
2.169732e+00	-1.096250e+01
2.171963e+00	-1.098168e+01
2.174194e+00	-1.099747e+01
2.175310e+00	-1.100409e+01
2.176425e+00	-1.100983e+01
2.177541e+00	-1.101471e+01
2.178656e+00	-1.101871e+01
2.179772e+00	-1.102183e+01
2.180329e+00	-1.102306e+01
2.180887e+00	-1.102407e+01
2.181445e+00	-1.102486e+01
2.182002e+00	-1.102543e+01
2.182560e+00	-1.102578e+01
2.183118e+00	-1.102590e+01
2.183676e+00	-1.102581e+01
2.184233e+00	-1.102549e+01
2.184791e+00	-1.102496e+01
2.185349e+00	-1.102420e+01
2.185906e+00	-1.102322e+01
2.186464e+00	-1.102203e+01
2.187580e+00	-1.101897e+01
2.188695e+00	-1.101504e+01
2.189811e+00	-1.101024e+01
2.190926e+00	-1.100457e+01
2.192041e+00	-1.099804e+01
2.194272e+00	-1.098242e+01
2.196503e+00	-1.096345e+01
2.198734e+00	-1.094119e+01
2.200965e+00	-1.091572e+01
2.203196e+00	-1.088715e+01
2.205427e+00	-1.085557e+01
2.207658e+00	-1.082109e+01
2.209889e+00	-1.078383e+01
2.213985e+00	-1.070857e+01
2.218082e+00	-1.062513e+01
2.222178e+00	-1.053434e+01
2.226275e+00	-1.043702e+01
2.230371e+00	-1.033401e+01
2.234468e+00	-1.022609e+01
2.242661e+00	-9.998554e+00
2.250854e+00	-9.759934e+00
2.259047e+00	-9.514863e+00
2.267241e+00	-9.267055e+00
2.275434e+00	-9.019358e+00
2.283514e+00	-8.777209e+00
2.291595e+00	-8.538601e+00
2.299676e+00	-8.304454e+00
2.307756e+00	-8.075312e+00
2.315837e+00	-7.851438e+00
2.323918e+00	-7.632888e+00
2.331998e+00	-7.419574e+00
2.340079e+00	-7.211303e+00
2.349070e+00	-6.985180e+00
2.358062e+00	-6.764592e+00
2.367053e+00	-6.549124e+00
2.376044e+00	-6.338371e+00
2.385036e+00	-6.131949e+00
2.394027e+00	-5.929511e+00
2.403018e+00	-5.730754e+00
2.412010e+00	-5.535424e+00
2.419788e+00	-5.368280e+00
2.427566e+00	-5.204223e+00
2.435344e+00	-5.042390e+00
2.443123e+00	-4.882728e+00
2.450901e+00	-4.725204e+00
2.458679e+00	-4.569807e+00
2.466457e+00	-4.416540e+00
2.474235e+00	-4.265423e+00
2.482184e+00	-4.113243e+00
2.490133e+00	-3.963383e+00
2.498082e+00	-3.815894e+00
2.506031e+00	-3.670827e+00
2.513980e+00	-3.528237e+00
2.521929e+00	-3.388178e+00
2.529878e+00	-3.250696e+00
2.537827e+00	-3.115837e+00
2.546657e+00	-2.969157e+00
2.555486e+00	-2.825794e+00
2.564316e+00	-2.685774e+00
2.573145e+00	-2.549105e+00
2.581975e+00	-2.415779e+00
2.590804e+00	-2.285774e+00
2.599634e+00	-2.159053e+00
2.608463e+00	-2.035560e+00
2.616466e+00	-1.926360e+00
2.624470e+00	-1.819697e+00
2.632473e+00	-1.715982e+00
2.640476e+00	-1.614171e+00
2.648479e+00	-1.514670e+00
2.656482e+00	-1.417390e+00
2.664485e+00	-1.322235e+00
2.672488e+00	-1.229104e+00
2.676950e+00	-1.178030e+00
2.681411e+00	-1.127534e+00
2.685872e+00	-1.077597e+00
2.690333e+00	-1.028199e+00
2.699256e+00	-9.309418e-01
2.708178e+00	-8.356030e-01
2.717101e+00	-7.420178e-01
2.726023e+00	-6.500192e-01
2.734946e+00	-5.594374e-01
2.743868e+00	-4.701010e-01
2.751671e+00	-3.928625e-01
2.759473e+00	-3.163276e-01
2.767276e+00	-2.403797e-01
2.775078e+00	-1.649016e-01
2.790684e+00	-1.488435e-02
2.806289e+00	1.346651e-01
2.815505e+00	2.231437e-01
2.824720e+00	3.119804e-01
2.833936e+00	4.013675e-01
2.843152e+00	4.914969e-01
2.852367e+00	5.825590e-01
2.861583e+00	6.747428e-01
2.870799e+00	7.682357e-01
2.880014e+00	8.632226e-01
2.887983e+00	9.466990e-01
2.895951e+00	1.031545e+00
2.903920e+00	1.117874e+00
2.911888e+00	1.205797e+00
2.919857e+00	1.295424e+00
2.927825e+00	1.386859e+00
2.935794e+00	1.480203e+00
2.943763e+00	1.575554e+00
2.951703e+00	1.672653e+00
2.959643e+00	1.771923e+00
2.967583e+00	1.873444e+00
2.975523e+00	1.977289e+00
2.983464e+00	2.083526e+00
2.991404e+00	2.192215e+00
2.999344e+00	2.303408e+00
3.007284e+00	2.417147e+00
3.015842e+00	2.542620e+00
3.024399e+00	2.671124e+00
3.032956e+00	2.802679e+00
3.041514e+00	2.937294e+00
3.050071e+00	3.074965e+00
3.058629e+00	3.215680e+00
3.067186e+00	3.359411e+00
3.075743e+00	3.506129e+00
3.084399e+00	3.657534e+00
3.093055e+00	3.811914e+00
3.101711e+00	3.969225e+00
3.110367e+00	4.129426e+00
3.119022e+00	4.292482e+00
3.127678e+00	4.458368e+00
3.136334e+00	4.627075e+00
3.144990e+00	4.798612e+00
3.153558e+00	4.971232e+00
3.162126e+00	5.146715e+00
3.170694e+00	5.325147e+00
3.179263e+00	5.506651e+00
3.187831e+00	5.691381e+00
3.196399e+00	5.879532e+00
3.204967e+00	6.071333e+00
3.213536e+00	6.267052e+00
3.221269e+00	6.447321e+00
3.229003e+00	6.631267e+00
3.236736e+00	6.819145e+00
3.244470e+00	7.011226e+00
3.252204e+00	7.207762e+00
3.259937e+00	7.408998e+00
3.267671e+00	7.615140e+00
3.275404e+00	7.826348e+00
3.283946e+00	8.065585e+00
3.292488e+00	8.310975e+00
3.301029e+00	8.562155e+00
3.309571e+00	8.818381e+00
3.318113e+00	9.078417e+00
3.326655e+00	9.340377e+00
3.335196e+00	9.601574e+00
3.343738e+00	9.858375e+00
3.352225e+00	1.010451e+01
3.356468e+00	1.022248e+01
3.360711e+00	1.033599e+01
3.364955e+00	1.044419e+01
3.369198e+00	1.054619e+01
3.373441e+00	1.064107e+01
3.377684e+00	1.072789e+01
3.381928e+00	1.080574e+01
3.386171e+00	1.087377e+01
3.388293e+00	1.090383e+01
3.390414e+00	1.093115e+01
3.392536e+00	1.095562e+01
3.394658e+00	1.097718e+01
3.396779e+00	1.099576e+01
3.398901e+00	1.101128e+01
3.399962e+00	1.101789e+01
3.401023e+00	1.102371e+01
3.402083e+00	1.102875e+01
3.403144e+00	1.103300e+01
3.404205e+00	1.103646e+01
3.405266e+00	1.103913e+01
3.405796e+00	1.104016e+01
3.406327e+00	1.104099e+01
3.406857e+00	1.104162e+01
3.407388e+00	1.104206e+01
3.407918e+00	1.104229e+01
3.408448e+00	1.104232e+01
3.408979e+00	1.104216e+01
3.409509e+00	1.104179e+01
3.410040e+00	1.104123e+01
3.410570e+00	1.104046e+01
3.411100e+00	1.103950e+01
3.411631e+00	1.103833e+01
3.412644e+00	1.103556e+01
3.413657e+00	1.103206e+01
3.414670e+00	1.102784e+01
3.415683e+00	1.102291e+01
3.417708e+00	1.101090e+01
3.419734e+00	1.099609e+01
3.421760e+00	1.097852e+01
3.423786e+00	1.095823e+01
3.425812e+00	1.093530e+01
3.427838e+00	1.090979e+01
3.429864e+00	1.088178e+01
3.431889e+00	1.085134e+01
3.435941e+00	1.078355e+01
3.439993e+00	1.070714e+01
3.444044e+00	1.062289e+01
3.448096e+00	1.053161e+01
3.452148e+00	1.043409e+01
3.456200e+00	1.033113e+01
3.460251e+00	1.022351e+01
3.468355e+00	9.997153e+00
3.476458e+00	9.760312e+00
3.484971e+00	9.505053e+00
3.493485e+00	9.247216e+00
3.510511e+00	8.735320e+00
3.519025e+00	8.484999e+00
3.527538e+00	8.239879e+00
3.536051e+00	8.000475e+00
3.544564e+00	7.766990e+00
3.552684e+00	7.549799e+00
3.560803e+00	7.337816e+00
3.568923e+00	7.130805e+00
3.577042e+00	6.928478e+00
3.585161e+00	6.730524e+00
3.593281e+00	6.536625e+00
3.601400e+00	6.346472e+00
3.609520e+00	6.159772e+00
3.618465e+00	5.957755e+00
3.627411e+00	5.759289e+00
3.636356e+00	5.564104e+00
3.645302e+00	5.371979e+00
3.654247e+00	5.182739e+00
3.663193e+00	4.996257e+00
3.672138e+00	4.812448e+00
3.681084e+00	4.631264e+00
3.688938e+00	4.474334e+00
3.696793e+00	4.319427e+00
3.704647e+00	4.166564e+00
3.712501e+00	4.015778e+00
3.720356e+00	3.867111e+00
3.728210e+00	3.720608e+00
3.736064e+00	3.576318e+00
3.743919e+00	3.434287e+00
3.752123e+00	3.288392e+00
3.760327e+00	3.145058e+00
3.768531e+00	3.004323e+00
3.776735e+00	2.866218e+00
3.784940e+00	2.730761e+00
3.793144e+00	2.597961e+00
3.801348e+00	2.467815e+00
3.809552e+00	2.340305e+00
3.817812e+00	2.214564e+00
3.826072e+00	2.091426e+00
3.834332e+00	1.970839e+00
3.842592e+00	1.852738e+00
3.850852e+00	1.737049e+00
3.859112e+00	1.623685e+00
3.867373e+00	1.512553e+00
3.875633e+00	1.403550e+00
3.884774e+00	1.285262e+00
3.893916e+00	1.169286e+00
3.903057e+00	1.055452e+00
3.912198e+00	9.435853e-01
3.921340e+00	8.335003e-01
3.930481e+00	7.250077e-01
3.939623e+00	6.179140e-01
3.948764e+00	5.120208e-01
3.957055e+00	4.168502e-01
3.965346e+00	3.223485e-01
3.981928e+00	1.347373e-01
3.998509e+00	-5.205121e-02
4.015091e+00	-2.392646e-01
4.023657e+00	-3.365529e-01
4.032223e+00	-4.344567e-01
4.040789e+00	-5.331451e-01
4.049355e+00	-6.327855e-01
4.057920e+00	-7.335431e-01
4.066486e+00	-8.355803e-01
4.075052e+00	-9.390564e-01
4.083618e+00	-1.044127e+00
4.091391e+00	-1.140981e+00
4.099165e+00	-1.239381e+00
4.106938e+00	-1.339432e+00
4.114711e+00	-1.441236e+00
4.122484e+00	-1.544888e+00
4.130257e+00	-1.650477e+00
4.138031e+00	-1.758087e+00
4.145804e+00	-1.867795e+00
4.154625e+00	-1.994926e+00
4.163447e+00	-2.124936e+00
4.172268e+00	-2.257902e+00
4.181090e+00	-2.393881e+00
4.189911e+00	-2.532918e+00
4.198733e+00	-2.675040e+00
4.207554e+00	-2.820258e+00
4.216375e+00	-2.968568e+00
4.224538e+00	-3.108535e+00
4.232700e+00	-3.251104e+00
4.240863e+00	-3.396239e+00
4.249025e+00	-3.543895e+00
4.257188e+00	-3.694022e+00
4.265350e+00	-3.846566e+00
4.273513e+00	-4.001471e+00
4.281675e+00	-4.158684e+00
4.289606e+00	-4.313590e+00
4.297536e+00	-4.470590e+00
4.305466e+00	-4.629658e+00
4.313397e+00	-4.790780e+00
4.321327e+00	-4.953959e+00
4.329257e+00	-5.119217e+00
4.337188e+00	-5.286598e+00
4.345118e+00	-5.456169e+00
4.354081e+00	-5.650579e+00
4.363044e+00	-5.848087e+00
4.372007e+00	-6.048921e+00
4.380970e+00	-6.253350e+00
4.389933e+00	-6.461683e+00
4.398896e+00	-6.674273e+00
4.407859e+00	-6.891492e+00
4.416822e+00	-7.113722e+00
4.425074e+00	-7.323077e+00
4.433326e+00	-7.537254e+00
4.441578e+00	-7.756462e+00
4.449830e+00	-7.980810e+00
4.458082e+00	-8.210264e+00
4.466334e+00	-8.444593e+00
4.474586e+00	-8.683296e+00
4.482838e+00	-8.925496e+00
4.490808e+00	-9.161466e+00
4.498777e+00	-9.397702e+00
4.506747e+00	-9.631834e+00
4.514716e+00	-9.860782e+00
4.522686e+00	-1.008068e+01
4.526670e+00	-1.018582e+01
4.530655e+00	-1.028688e+01
4.534640e+00	-1.038321e+01
4.538625e+00	-1.047407e+01
4.542610e+00	-1.055873e+01
4.546594e+00	-1.063647e+01
4.551113e+00	-1.071531e+01
4.553373e+00	-1.075072e+01
4.555633e+00	-1.078328e+01
4.557892e+00	-1.081289e+01
4.560152e+00	-1.083943e+01
4.562411e+00	-1.086281e+01
4.564671e+00	-1.088293e+01
4.566930e+00	-1.089972e+01
4.568060e+00	-1.090684e+01
4.569190e+00	-1.091310e+01
4.570320e+00	-1.091850e+01
4.571450e+00	-1.092303e+01
4.572579e+00	-1.092668e+01
4.573709e+00	-1.092944e+01
4.574274e+00	-1.093050e+01
4.574839e+00	-1.093133e+01
4.575404e+00	-1.093194e+01
4.575969e+00	-1.093232e+01
4.576534e+00	-1.093249e+01
4.577098e+00	-1.093243e+01
4.577663e+00	-1.093215e+01
4.578228e+00	-1.093164e+01
4.578793e+00	-1.093092e+01
4.579358e+00	-1.092997e+01
4.579923e+00	-1.092880e+01
4.580488e+00	-1.092741e+01
4.581618e+00	-1.092396e+01
4.582747e+00	-1.091962e+01
4.583877e+00	-1.091440e+01
4.585007e+00	-1.090830e+01
4.586137e+00	-1.090133e+01
4.587266e+00	-1.089349e+01
4.589526e+00	-1.087524e+01
4.591786e+00	-1.085360e+01
4.594045e+00	-1.082866e+01
4.596305e+00	-1.080049e+01
4.598564e+00	-1.076919e+01
4.600824e+00	-1.073487e+01
4.605343e+00	-1.065759e+01
4.609862e+00	-1.056962e+01
4.614381e+00	-1.047202e+01
4.618900e+00	-1.036585e+01
4.623043e+00	-1.026194e+01
4.627186e+00	-1.015259e+01
4.631329e+00	-1.003858e+01
4.635472e+00	-9.920700e+00
4.643758e+00	-9.676076e+00
4.652044e+00	-9.423729e+00
4.660330e+00	-9.167742e+00
4.668616e+00	-8.911283e+00
4.676902e+00	-8.656710e+00
4.685188e+00	-8.405692e+00
4.693422e+00	-8.160876e+00
4.701656e+00	-7.921334e+00
4.709890e+00	-7.687409e+00
4.718123e+00	-7.459206e+00
4.726357e+00	-7.236665e+00
4.734591e+00	-7.019608e+00
4.742825e+00	-6.807787e+00
4.751059e+00	-6.600909e+00
4.759181e+00	-6.401358e+00
4.767304e+00	-6.206014e+00
4.775427e+00	-6.014588e+00
4.783550e+00	-5.826804e+00
4.791673e+00	-5.642413e+00
4.799796e+00	-5.461191e+00
4.807919e+00	-5.282941e+00
4.816042e+00	-5.107494e+00
4.823975e+00	-4.938718e+00
4.831908e+00	-4.772374e+00
4.839841e+00	-4.608378e+00
4.847774e+00	-4.446664e+00
4.855707e+00	-4.287186e+00
4.863640e+00	-4.129913e+00
4.871573e+00	-3.974825e+00
4.879506e+00	-3.821915e+00
4.888310e+00	-3.654768e+00
4.897114e+00	-3.490308e+00
4.905918e+00	-3.328546e+00
4.914722e+00	-3.169495e+00
4.923525e+00	-3.013160e+00
4.932329e+00	-2.859546e+00
4.941133e+00	-2.708648e+00
4.949937e+00	-2.560450e+00
4.957778e+00	-2.430720e+00
4.965619e+00	-2.303086e+00
4.973460e+00	-2.177517e+00
4.981300e+00	-2.053969e+00
4.989141e+00	-1.932395e+00
4.996982e+00	-1.812736e+00
5.004823e+00	-1.694927e+00
5.012664e+00	-1.578894e+00
5.021199e+00	-1.454517e+00
5.029733e+00	-1.332038e+00
5.038268e+00	-1.211340e+00
5.046803e+00	-1.092295e+00
5.055338e+00	-9.747636e-01
5.063873e+00	-8.586046e-01
5.072408e+00	-7.436707e-01
5.080943e+00	-6.298098e-01
5.089271e+00	-5.195877e-01
5.097599e+00	-4.100883e-01
5.114256e+00	-1.926488e-01
5.130913e+00	2.374342e-02
5.147570e+00	2.403381e-01
5.155868e+00	3.487133e-01
5.164167e+00	4.576017e-01
5.172466e+00	5.671543e-01
5.180764e+00	6.775202e-01
5.189063e+00	7.888453e-01
5.197362e+00	9.012721e-01
5.205660e+00	1.014939e+00
5.213959e+00	1.129980e+00
5.222400e+00	1.248529e+00
5.230840e+00	1.368760e+00
5.239280e+00	1.490796e+00
5.247721e+00	1.614751e+00
5.256161e+00	1.740729e+00
5.264602e+00	1.868827e+00
5.273042e+00	1.999132e+00
5.281483e+00	2.131719e+00
5.290150e+00	2.270309e+00
5.298817e+00	2.411434e+00
5.307484e+00	2.555141e+00
5.316151e+00	2.701464e+00
5.324818e+00	2.850429e+00
5.333485e+00	3.002049e+00
5.342152e+00	3.156328e+00
5.350819e+00	3.313263e+00
5.358845e+00	3.460944e+00
5.366871e+00	3.610886e+00
5.374896e+00	3.763078e+00
5.382922e+00	3.917512e+00
5.390947e+00	4.074186e+00
5.398973e+00	4.233099e+00
5.406999e+00	4.394264e+00
5.415024e+00	4.557704e+00
5.423955e+00	4.742304e+00
5.432886e+00	4.929844e+00
5.441817e+00	5.120433e+00
5.450748e+00	5.314211e+00
5.459679e+00	5.511354e+00
5.468610e+00	5.712075e+00
5.477541e+00	5.916632e+00
5.486472e+00	6.125310e+00
5.494567e+00	6.318283e+00
5.502662e+00	6.515159e+00
5.510757e+00	6.716206e+00
5.518852e+00	6.921694e+00
5.526947e+00	7.131870e+00
5.535042e+00	7.346950e+00
5.543137e+00	7.567093e+00
5.551232e+00	7.792365e+00
5.559804e+00	8.036438e+00
5.568377e+00	8.285865e+00
5.576949e+00	8.539989e+00
5.585522e+00	8.797713e+00
5.594095e+00	9.057364e+00
5.602667e+00	9.316550e+00
5.611240e+00	9.572015e+00
5.619812e+00	9.819533e+00
5.624035e+00	9.936959e+00
5.628257e+00	1.005048e+01
5.632480e+00	1.015933e+01
5.636702e+00	1.026271e+01
5.640925e+00	1.035976e+01
5.645147e+00	1.044964e+01
5.649370e+00	1.053148e+01
5.653592e+00	1.060445e+01
5.655703e+00	1.063737e+01
5.657814e+00	1.066778e+01
5.659926e+00	1.069559e+01
5.662037e+00	1.072073e+01
5.664148e+00	1.074312e+01
5.666259e+00	1.076268e+01
5.668371e+00	1.077937e+01
5.670482e+00	1.079313e+01
5.671537e+00	1.079890e+01
5.672593e+00	1.080392e+01
5.673649e+00	1.080818e+01
5.674704e+00	1.081169e+01
5.675760e+00	1.081445e+01
5.676816e+00	1.081644e+01
5.677343e+00	1.081715e+01
5.677871e+00	1.081767e+01
5.678399e+00	1.081800e+01
5.678927e+00	1.081814e+01
5.679455e+00	1.081809e+01
5.679982e+00	1.081785e+01
5.680510e+00	1.081742e+01
5.681038e+00	1.081680e+01
5.681566e+00	1.081598e+01
5.682094e+00	1.081498e+01
5.683149e+00	1.081241e+01
5.684205e+00	1.080908e+01
5.685260e+00	1.080499e+01
5.686316e+00	1.080016e+01
5.687372e+00	1.079458e+01
5.689381e+00	1.078191e+01
5.691391e+00	1.076659e+01
5.693400e+00	1.074867e+01
5.695409e+00	1.072821e+01
5.697419e+00	1.070525e+01
5.699428e+00	1.067987e+01
5.701438e+00	1.065213e+01
5.703447e+00	1.062210e+01
5.707466e+00	1.055554e+01
5.711485e+00	1.048083e+01
5.715504e+00	1.039870e+01
5.719523e+00	1.030989e+01
5.723541e+00	1.021512e+01
5.727560e+00	1.011513e+01
5.731579e+00	1.001062e+01
5.735598e+00	9.902272e+00
5.743636e+00	9.676553e+00
5.751673e+00	9.442494e+00
5.760333e+00	9.185281e+00
5.768992e+00	8.926391e+00
5.777651e+00	8.668556e+00
5.786310e+00	8.413705e+00
5.794969e+00	8.163121e+00
5.803629e+00	7.917584e+00
5.812288e+00	7.677494e+00
5.820947e+00	7.442975e+00
5.828872e+00	7.233178e+00
5.836796e+00	7.027840e+00
5.844721e+00	6.826752e+00
5.852645e+00	6.629677e+00
5.860570e+00	6.436354e+00
5.868494e+00	6.246519e+00
5.876419e+00	6.059922e+00
5.884344e+00	5.876326e+00
5.892828e+00	5.682844e+00
5.901312e+00	5.492318e+00
5.909797e+00	5.304549e+00
5.918281e+00	5.119366e+00
5.926765e+00	4.936636e+00
5.935250e+00	4.756257e+00
5.943734e+00	4.578153e+00
5.952218e+00	4.402278e+00
5.960623e+00	4.230222e+00
5.969028e+00	4.060323e+00
5.977433e+00	3.892591e+00
5.985838e+00	3.727044e+00
5.994243e+00	3.563710e+00
6.002648e+00	3.402620e+00
6.011053e+00	3.243804e+00
6.019458e+00	3.087291e+00
6.027748e+00	2.935202e+00
6.036038e+00	2.785392e+00
6.044328e+00	2.637869e+00
6.052618e+00	2.492630e+00
6.060907e+00	2.349664e+00
6.069197e+00	2.208946e+00
6.077487e+00	2.070439e+00
6.085777e+00	1.934096e+00
6.094595e+00	1.791375e+00
6.103413e+00	1.650949e+00
6.112231e+00	1.512719e+00
6.121049e+00	1.376572e+00
6.129867e+00	1.242383e+00
6.138685e+00	1.110016e+00
6.147503e+00	9.793238e-01
6.156321e+00	8.501521e-01
6.164043e+00	7.381555e-01
6.171765e+00	6.270852e-01
6.179487e+00	5.168239e-01
6.187209e+00	4.072510e-01
6.202653e+00	1.896762e-01
6.218097e+00	-2.664278e-02
6.235088e+00	-2.643943e-01
6.252079e+00	-5.032150e-01
6.260574e+00	-6.234439e-01
6.269069e+00	-7.444359e-01
6.277565e+00	-8.663497e-01
6.286060e+00	-9.893392e-01
6.294394e+00	-1.111180e+00
6.302728e+00	-1.234333e+00
6.311062e+00	-1.358926e+00
6.319396e+00	-1.485080e+00
6.327730e+00	-1.612907e+00
6.336064e+00	-1.742512e+00
6.344398e+00	-1.873988e+00
6.352732e+00	-2.007422e+00
6.361528e+00	-2.150456e+00
6.370324e+00	-2.295828e+00
6.379119e+00	-2.443599e+00
6.387915e+00	-2.593816e+00
6.396711e+00	-2.746517e+00
6.405507e+00	-2.901724e+00
6.414302e+00	-3.059450e+00
6.423098e+00	-3.219698e+00
6.431019e+00	-3.366159e+00
6.438940e+00	-3.514654e+00
6.446860e+00	-3.665175e+00
6.454781e+00	-3.817713e+00
6.462702e+00	-3.972263e+00
6.470623e+00	-4.128823e+00
6.478543e+00	-4.287400e+00
6.486464e+00	-4.448010e+00
6.494649e+00	-4.616140e+00
6.502834e+00	-4.786519e+00
6.511019e+00	-4.959212e+00
6.519204e+00	-5.134309e+00
6.527389e+00	-5.311925e+00
6.535574e+00	-5.492199e+00
6.543758e+00	-5.675300e+00
6.551943e+00	-5.861423e+00
6.560597e+00	-6.061731e+00
6.569250e+00	-6.265962e+00
6.577904e+00	-6.474431e+00
6.586557e+00	-6.687475e+00
6.595211e+00	-6.905432e+00
6.603864e+00	-7.128635e+00
6.612517e+00	-7.357376e+00
6.621171e+00	-7.591871e+00
6.629474e+00	-7.822381e+00
6.637777e+00	-8.058227e+00
6.646080e+00	-8.299132e+00
6.654384e+00	-8.544534e+00
6.670990e+00	-9.044527e+00
6.679293e+00	-9.295601e+00
6.687596e+00	-9.543892e+00
6.695876e+00	-9.785071e+00
6.704156e+00	-1.001531e+01
6.708296e+00	-1.012467e+01
6.712436e+00	-1.022922e+01
6.716576e+00	-1.032818e+01
6.720716e+00	-1.042073e+01
6.724856e+00	-1.050608e+01
6.728996e+00	-1.058340e+01
6.733136e+00	-1.065194e+01
6.735206e+00	-1.068268e+01
6.737276e+00	-1.071096e+01
6.739346e+00	-1.073669e+01
6.741416e+00	-1.075980e+01
6.743486e+00	-1.078023e+01
6.745556e+00	-1.079791e+01
6.747626e+00	-1.081279e+01
6.749696e+00	-1.082483e+01
6.750730e+00	-1.082977e+01
6.751765e+00	-1.083399e+01
6.752800e+00	-1.083748e+01
6.753835e+00	-1.084024e+01
6.754401e+00	-1.084144e+01
6.754966e+00	-1.084243e+01
6.755531e+00	-1.084319e+01
6.756096e+00	-1.084373e+01
6.756662e+00	-1.084406e+01
6.757227e+00	-1.084417e+01
6.757792e+00	-1.084405e+01
6.758357e+00	-1.084372e+01
6.758923e+00	-1.084317e+01
6.759488e+00	-1.084240e+01
6.760053e+00	-1.084142e+01
6.760618e+00	-1.084021e+01
6.761749e+00	-1.083715e+01
6.762879e+00	-1.083322e+01
6.764010e+00	-1.082842e+01
6.765140e+00	-1.082277e+01
6.766271e+00	-1.081626e+01
6.767401e+00	-1.080891e+01
6.769662e+00	-1.079169e+01
6.771923e+00	-1.077118e+01
6.774184e+00	-1.074745e+01
6.776445e+00	-1.072058e+01
6.778706e+00	-1.069068e+01
6.780967e+00	-1.065785e+01
6.783228e+00	-1.062219e+01
6.785489e+00	-1.058383e+01
6.790011e+00	-1.049949e+01
6.794533e+00	-1.040584e+01
6.799054e+00	-1.030394e+01
6.803576e+00	-1.019484e+01
6.808098e+00	-1.007956e+01
6.812620e+00	-9.959102e+00
6.817142e+00	-9.834386e+00
6.826186e+00	-9.575532e+00
6.834375e+00	-9.334310e+00
6.842564e+00	-9.090230e+00
6.850753e+00	-8.845975e+00
6.858942e+00	-8.603532e+00
6.867131e+00	-8.364289e+00
6.875320e+00	-8.129159e+00
6.883510e+00	-7.898685e+00
6.891699e+00	-7.673128e+00
6.899413e+00	-7.465185e+00
6.907128e+00	-7.261586e+00
6.914843e+00	-7.062178e+00
6.922558e+00	-6.866757e+00
6.930273e+00	-6.675087e+00
6.937988e+00	-6.486920e+00
6.945703e+00	-6.302003e+00
6.953418e+00	-6.120094e+00
6.962271e+00	-5.914743e+00
6.971125e+00	-5.712731e+00
6.979978e+00	-5.513777e+00
6.988832e+00	-5.317641e+00
6.997685e+00	-5.124126e+00
7.006539e+00	-4.933074e+00
7.015393e+00	-4.744366e+00
7.024246e+00	-4.557918e+00
7.032088e+00	-4.394628e+00
7.039929e+00	-4.233053e+00
7.047771e+00	-4.073187e+00
7.055612e+00	-3.915039e+00
7.063454e+00	-3.758624e+00
7.071295e+00	-3.603963e+00
7.079137e+00	-3.451082e+00
7.086979e+00	-3.300006e+00
7.095903e+00	-3.130289e+00
7.104828e+00	-2.962974e+00
7.113753e+00	-2.798083e+00
7.122678e+00	-2.635627e+00
7.131602e+00	-2.475603e+00
7.140527e+00	-2.317996e+00
7.149452e+00	-2.162771e+00
7.158377e+00	-2.009879e+00
7.167041e+00	-1.863625e+00
7.175705e+00	-1.719434e+00
7.184368e+00	-1.577214e+00
7.193032e+00	-1.436866e+00
7.201696e+00	-1.298272e+00
7.210360e+00	-1.161308e+00
7.219024e+00	-1.025835e+00
7.227688e+00	-8.917090e-01
7.235903e+00	-7.656318e-01
7.244118e+00	-6.404871e-01
7.252334e+00	-5.161320e-01
7.260549e+00	-3.924188e-01
7.276979e+00	-1.463134e-01
7.293409e+00	9.906091e-02
7.308932e+00	3.313329e-01
7.324455e+00	5.651091e-01
7.332216e+00	6.828804e-01
7.339977e+00	8.014057e-01
7.347739e+00	9.208044e-01
7.355500e+00	1.041192e+00
7.363922e+00	1.173075e+00
7.372344e+00	1.306386e+00
7.380766e+00	1.441252e+00
7.389188e+00	1.577787e+00
7.397610e+00	1.716099e+00
7.406032e+00	1.856281e+00
7.414454e+00	1.998417e+00
7.422877e+00	2.142578e+00
7.431054e+00	2.284546e+00
7.439232e+00	2.428516e+00
7.447409e+00	2.574521e+00
7.455587e+00	2.722578e+00
7.463764e+00	2.872695e+00
7.471942e+00	3.024871e+00
7.480119e+00	3.179094e+00
7.488297e+00	3.335344e+00
7.496976e+00	3.503375e+00
7.505656e+00	3.673631e+00
7.514335e+00	3.846078e+00
7.523014e+00	4.020685e+00
7.531694e+00	4.197424e+00
7.540373e+00	4.376284e+00
7.549053e+00	4.557265e+00
7.557732e+00	4.740386e+00
7.566353e+00	4.924425e+00
7.574973e+00	5.110689e+00
7.583593e+00	5.299278e+00
7.592214e+00	5.490327e+00
7.600834e+00	5.684000e+00
7.609455e+00	5.880503e+00
7.618075e+00	6.080068e+00
7.626695e+00	6.282964e+00
7.634721e+00	6.475112e+00
7.642746e+00	6.670649e+00
7.650772e+00	6.869838e+00
7.658797e+00	7.072928e+00
7.666823e+00	7.280144e+00
7.674848e+00	7.491671e+00
7.682874e+00	7.707630e+00
7.690899e+00	7.928033e+00
7.699738e+00	8.175730e+00
7.708576e+00	8.428171e+00
7.717415e+00	8.684466e+00
7.726253e+00	8.943180e+00
7.735092e+00	9.202178e+00
7.743930e+00	9.458458e+00
7.752769e+00	9.708016e+00
7.761607e+00	9.945744e+00
7.765775e+00	1.005200e+01
7.769942e+00	1.015355e+01
7.774110e+00	1.024962e+01
7.778277e+00	1.033943e+01
7.782445e+00	1.042218e+01
7.786612e+00	1.049707e+01
7.790780e+00	1.056333e+01
7.792864e+00	1.059300e+01
7.794948e+00	1.062024e+01
7.797031e+00	1.064498e+01
7.799115e+00	1.066713e+01
7.801199e+00	1.068664e+01
7.803283e+00	1.070343e+01
7.805366e+00	1.071745e+01
7.806408e+00	1.072341e+01
7.807450e+00	1.072866e+01
7.808492e+00	1.073320e+01
7.809534e+00	1.073701e+01
7.810576e+00	1.074011e+01
7.811618e+00	1.074248e+01
7.812139e+00	1.074339e+01
7.812660e+00	1.074412e+01
7.813181e+00	1.074467e+01
7.813702e+00	1.074504e+01
7.814223e+00	1.074522e+01
7.814743e+00	1.074522e+01
7.815264e+00	1.074504e+01
7.815785e+00	1.074468e+01
7.816306e+00	1.074413e+01
7.816827e+00	1.074340e+01
7.817348e+00	1.074248e+01
7.817869e+00	1.074139e+01
7.818911e+00	1.073865e+01
7.819953e+00	1.073518e+01
7.820995e+00	1.073099e+01
7.822037e+00	1.072607e+01
7.823079e+00	1.072043e+01
7.824121e+00	1.071408e+01
7.826204e+00	1.069924e+01
7.828288e+00	1.068159e+01
7.830308e+00	1.066186e+01
7.832327e+00	1.063959e+01
7.834347e+00	1.061483e+01
7.836367e+00	1.058766e+01
7.840406e+00	1.052636e+01
7.844445e+00	1.045629e+01
7.848485e+00	1.037812e+01
7.852524e+00	1.029255e+01
7.856563e+00	1.020033e+01
7.860603e+00	1.010219e+01
7.864642e+00	9.998861e+00
7.868681e+00	9.891047e+00
7.876760e+00	9.664635e+00
7.884839e+00	9.427864e+00
7.892917e+00	9.184886e+00
7.909064e+00	8.693339e+00
7.917137e+00	8.449163e+00
7.925210e+00	8.208087e+00
7.933283e+00	7.971043e+00
7.941356e+00	7.738606e+00
7.949430e+00	7.511079e+00
7.957503e+00	7.288560e+00
7.966536e+00	7.045462e+00
7.975569e+00	6.808362e+00
7.984602e+00	6.576949e+00
7.993635e+00	6.350860e+00
8.002668e+00	6.129711e+00
8.011701e+00	5.913120e+00
8.020734e+00	5.700721e+00
8.029767e+00	5.492180e+00
8.037603e+00	5.314151e+00
8.045440e+00	5.138624e+00
8.053276e+00	4.965446e+00
8.061113e+00	4.794488e+00
8.068949e+00	4.625640e+00
8.076786e+00	4.458811e+00
8.084622e+00	4.293929e+00
8.092459e+00	4.130938e+00
8.100798e+00	3.959520e+00
8.109137e+00	3.790156e+00
8.117476e+00	3.622820e+00
8.125816e+00	3.457495e+00
8.134155e+00	3.294167e+00
8.142494e+00	3.132827e+00
8.150833e+00	2.973466e+00
8.159173e+00	2.816070e+00
8.168211e+00	2.647687e+00
8.177249e+00	2.481566e+00
8.186287e+00	2.317670e+00
8.195325e+00	2.155949e+00
8.204363e+00	1.996342e+00
8.213401e+00	1.838772e+00
8.222439e+00	1.683152e+00
8.231477e+00	1.529379e+00
8.239205e+00	1.399275e+00
8.246933e+00	1.270358e+00
8.254661e+00	1.142543e+00
8.262389e+00	1.015738e+00
8.270116e+00	8.898472e-01
8.277844e+00	7.647682e-01
8.293300e+00	5.166184e-01
8.310329e+00	2.454058e-01
8.327359e+00	-2.470741e-02
8.344388e+00	-2.949950e-01
8.361417e+00	-5.667277e-01
8.370136e+00	-7.068196e-01
8.378856e+00	-8.477753e-01
8.387575e+00	-9.897492e-01
8.396294e+00	-1.132889e+00
8.405013e+00	-1.277334e+00
8.413732e+00	-1.423216e+00
8.422451e+00	-1.570657e+00
8.431170e+00	-1.719768e+00
8.439105e+00	-1.857006e+00
8.447040e+00	-1.995777e+00
8.454976e+00	-2.136142e+00
8.462911e+00	-2.278151e+00
8.470846e+00	-2.421850e+00
8.478781e+00	-2.567272e+00
8.486716e+00	-2.714447e+00
8.494651e+00	-2.863396e+00
8.503356e+00	-3.028864e+00
8.512061e+00	-3.196502e+00
8.520766e+00	-3.366322e+00
8.529471e+00	-3.538334e+00
8.538176e+00	-3.712547e+00
8.546882e+00	-3.888975e+00
8.555587e+00	-4.067640e+00
8.564292e+00	-4.248575e+00
8.572273e+00	-4.416486e+00
8.580253e+00	-4.586395e+00
8.588234e+00	-4.758368e+00
8.596214e+00	-4.932486e+00
8.604195e+00	-5.108856e+00
8.612176e+00	-5.287602e+00
8.620156e+00	-5.468865e+00
8.628137e+00	-5.652812e+00
8.636866e+00	-5.857303e+00
8.645595e+00	-6.065500e+00
8.654324e+00	-6.277700e+00
8.663053e+00	-6.494212e+00
8.671782e+00	-6.715342e+00
8.680511e+00	-6.941385e+00
8.689240e+00	-7.172590e+00
8.697969e+00	-7.409143e+00
8.705573e+00	-7.619600e+00
8.713176e+00	-7.834091e+00
8.720780e+00	-8.052410e+00
8.728384e+00	-8.274157e+00
8.743591e+00	-8.725084e+00
8.758798e+00	-9.177710e+00
8.767291e+00	-9.425536e+00
8.775785e+00	-9.664940e+00
8.780031e+00	-9.779979e+00
8.784278e+00	-9.890994e+00
8.788525e+00	-9.997233e+00
8.792772e+00	-1.009791e+01
8.797018e+00	-1.019223e+01
8.801265e+00	-1.027935e+01
8.805512e+00	-1.035847e+01
8.809758e+00	-1.042878e+01
8.811882e+00	-1.046040e+01
8.814005e+00	-1.048954e+01
8.816128e+00	-1.051612e+01
8.818252e+00	-1.054006e+01
8.820375e+00	-1.056130e+01
8.822498e+00	-1.057977e+01
8.824622e+00	-1.059542e+01
8.826745e+00	-1.060819e+01
8.827878e+00	-1.061382e+01
8.829012e+00	-1.061861e+01
8.830146e+00	-1.062257e+01
8.831279e+00	-1.062568e+01
8.831846e+00	-1.062692e+01
8.832413e+00	-1.062794e+01
8.832980e+00	-1.062876e+01
8.833546e+00	-1.062936e+01
8.834113e+00	-1.062975e+01
8.834680e+00	-1.062993e+01
8.835247e+00	-1.062990e+01
8.835814e+00	-1.062965e+01
8.836380e+00	-1.062919e+01
8.836947e+00	-1.062852e+01
8.837514e+00	-1.062764e+01
8.838081e+00	-1.062655e+01
8.839214e+00	-1.062373e+01
8.840348e+00	-1.062007e+01
8.841482e+00	-1.061557e+01
8.842615e+00	-1.061024e+01
8.843749e+00	-1.060407e+01
8.844882e+00	-1.059708e+01
8.847150e+00	-1.058066e+01
8.849417e+00	-1.056103e+01
8.851684e+00	-1.053826e+01
8.853951e+00	-1.051242e+01
8.856219e+00	-1.048362e+01
8.858486e+00	-1.045194e+01
8.860753e+00	-1.041749e+01
8.863020e+00	-1.038037e+01
8.867555e+00	-1.029862e+01
8.872089e+00	-1.020763e+01
8.876623e+00	-1.010840e+01
8.881158e+00	-1.000194e+01
8.885692e+00	-9.889226e+00
8.890227e+00	-9.771209e+00
8.894761e+00	-9.648781e+00
8.899295e+00	-9.522776e+00
8.907421e+00	-9.290388e+00
8.915547e+00	-9.052689e+00
8.923672e+00	-8.812725e+00
8.931798e+00	-8.572786e+00
8.939924e+00	-8.334595e+00
8.948049e+00	-8.099348e+00
8.956175e+00	-7.867835e+00
8.964301e+00	-7.640528e+00
8.972190e+00	-7.424083e+00
8.980079e+00	-7.211870e+00
8.987968e+00	-7.003826e+00
8.995857e+00	-6.799810e+00
9.003746e+00	-6.599627e+00
9.011636e+00	-6.403055e+00
9.019525e+00	-6.209858e+00
9.027414e+00	-6.019797e+00
9.035699e+00	-5.823330e+00
9.043983e+00	-5.629819e+00
9.052268e+00	-5.439035e+00
9.060553e+00	-5.250775e+00
9.068838e+00	-5.064865e+00
9.077122e+00	-4.881155e+00
9.085407e+00	-4.699526e+00
9.093692e+00	-4.519880e+00
9.102372e+00	-4.333717e+00
9.111051e+00	-4.149592e+00
9.119731e+00	-3.967465e+00
9.128411e+00	-3.787316e+00
9.137091e+00	-3.609134e+00
9.145770e+00	-3.432923e+00
9.154450e+00	-3.258686e+00
9.163130e+00	-3.086434e+00
9.171734e+00	-2.917650e+00
9.180338e+00	-2.750825e+00
9.188942e+00	-2.585954e+00
9.197546e+00	-2.423026e+00
9.206150e+00	-2.262019e+00
9.214754e+00	-2.102899e+00
9.223358e+00	-1.945620e+00
9.231962e+00	-1.790126e+00
9.240661e+00	-1.634653e+00
9.249361e+00	-1.480848e+00
9.258060e+00	-1.328612e+00
9.266759e+00	-1.177839e+00
9.275458e+00	-1.028405e+00
9.284158e+00	-8.801825e-01
9.292857e+00	-7.330321e-01
9.301556e+00	-5.868076e-01
9.316392e+00	-3.391256e-01
9.331228e+00	-9.288629e-02
9.346064e+00	1.527322e-01
9.360900e+00	3.985641e-01
9.379251e+00	7.041681e-01
9.388427e+00	8.580397e-01
9.397602e+00	1.012865e+00
9.406778e+00	1.168815e+00
9.415953e+00	1.326049e+00
9.425129e+00	1.484719e+00
9.434304e+00	1.644960e+00
9.442564e+00	1.790649e+00
9.450823e+00	1.937795e+00
9.459082e+00	2.086468e+00
9.467342e+00	2.236733e+00
9.475601e+00	2.388641e+00
9.483860e+00	2.542236e+00
9.492120e+00	2.697555e+00
9.500379e+00	2.854624e+00
9.508004e+00	3.001201e+00
9.515629e+00	3.149300e+00
9.523254e+00	3.298931e+00
9.530879e+00	3.450105e+00
9.538504e+00	3.602828e+00
9.546129e+00	3.757111e+00
9.553754e+00	3.912968e+00
9.561378e+00	4.070418e+00
9.570018e+00	4.250786e+00
9.578658e+00	4.433284e+00
9.587298e+00	4.617984e+00
9.595938e+00	4.804979e+00
9.604578e+00	4.994386e+00
9.613218e+00	5.186349e+00
9.621858e+00	5.381045e+00
9.630498e+00	5.578681e+00
9.639482e+00	5.787561e+00
9.648466e+00	6.000170e+00
9.657450e+00	6.216833e+00
9.666435e+00	6.437897e+00
9.675419e+00	6.663722e+00
9.684403e+00	6.894647e+00
9.693387e+00	7.130990e+00
9.702371e+00	7.372990e+00
9.709981e+00	7.582487e+00
9.717591e+00	7.796099e+00
9.725201e+00	8.013671e+00
9.732811e+00	8.234874e+00
9.748031e+00	8.685639e+00
9.763251e+00	9.140019e+00
9.772299e+00	9.405930e+00
9.781346e+00	9.663230e+00
9.785870e+00	9.786872e+00
9.790394e+00	9.906081e+00
9.794918e+00	1.001995e+01
9.799442e+00	1.012754e+01
9.803966e+00	1.022786e+01
9.808489e+00	1.031990e+01
9.813013e+00	1.040267e+01
9.815275e+00	1.044028e+01
9.817537e+00	1.047522e+01
9.819799e+00	1.050738e+01
9.822061e+00	1.053666e+01
9.824323e+00	1.056296e+01
9.826585e+00	1.058620e+01
9.828847e+00	1.060630e+01
9.831109e+00	1.062319e+01
9.832240e+00	1.063041e+01
9.833371e+00	1.063681e+01
9.834502e+00	1.064238e+01
9.835633e+00	1.064712e+01
9.836587e+00	1.065047e+01
9.837541e+00	1.065322e+01
9.838496e+00	1.065536e+01
9.839450e+00	1.065691e+01
9.839928e+00	1.065746e+01
9.840405e+00	1.065785e+01
9.840882e+00	1.065810e+01
9.841359e+00	1.065819e+01
9.841836e+00	1.065814e+01
9.842314e+00	1.065793e+01
9.842791e+00	1.065757e+01
9.843268e+00	1.065707e+01
9.844223e+00	1.065560e+01
9.845177e+00	1.065354e+01
9.846131e+00	1.065087e+01
9.847086e+00	1.064761e+01
9.848040e+00	1.064375e+01
9.848995e+00	1.063930e+01
9.850904e+00	1.062864e+01
9.852813e+00	1.061565e+01
9.854721e+00	1.060037e+01
9.856630e+00	1.058283e+01
9.858539e+00	1.056309e+01
9.860448e+00	1.054118e+01
9.862357e+00	1.051717e+01
9.866175e+00	1.046307e+01
9.869992e+00	1.040128e+01
9.873810e+00	1.033235e+01
9.877628e+00	1.025686e+01
9.881446e+00	1.017540e+01
9.885264e+00	1.008858e+01
9.889081e+00	9.996983e+00
9.892899e+00	9.901200e+00
9.896717e+00	9.801790e+00
9.904936e+00	9.577926e+00
9.913154e+00	9.344439e+00
9.921373e+00	9.105306e+00
9.929592e+00	8.863695e+00
9.946029e+00	8.382147e+00
9.954248e+00	8.145232e+00
9.962467e+00	7.912119e+00
9.971640e+00	7.657003e+00
9.980813e+00	7.407508e+00
9.989986e+00	7.163651e+00
9.999159e+00	6.925264e+00
1.000833e+01	6.692058e+00
1.001751e+01	6.463672e+00
1.002668e+01	6.239723e+00
1.003585e+01	6.019816e+00
1.004383e+01	5.831446e+00
1.005182e+01	5.645624e+00
1.005980e+01	5.462144e+00
1.006778e+01	5.280818e+00
1.007576e+01	5.101487e+00
1.008375e+01	4.924015e+00
1.009173e+01	4.748289e+00
1.009971e+01	4.574221e+00
1.010786e+01	4.398163e+00
1.011601e+01	4.223709e+00
1.012416e+01	4.050826e+00
1.013231e+01	3.879493e+00
1.014046e+01	3.709702e+00
1.014861e+01	3.541456e+00
1.015676e+01	3.374760e+00
1.016491e+01	3.209625e+00
1.017396e+01	3.028007e+00
1.018301e+01	2.848338e+00
1.019207e+01	2.670625e+00
1.020112e+01	2.494861e+00
1.021017e+01	2.321030e+00
1.021923e+01	2.149101e+00
1.022828e+01	1.979028e+00
1.023733e+01	1.810750e+00
1.024574e+01	1.656031e+00
1.025415e+01	1.502718e+00
1.026255e+01	1.350726e+00
1.027096e+01	1.199957e+00
1.027937e+01	1.050307e+00
1.028777e+01	9.016588e-01
1.030459e+01	6.068628e-01
1.032128e+01	3.165437e-01
1.033798e+01	2.748787e-02
1.035467e+01	-2.614773e-01
1.037137e+01	-5.515283e-01
1.038742e+01	-8.324407e-01
1.040347e+01	-1.116367e+00
1.041149e+01	-1.259735e+00
1.041952e+01	-1.404173e+00
1.042754e+01	-1.549771e+00
1.043557e+01	-1.696610e+00
1.044340e+01	-1.841150e+00
1.045123e+01	-1.986999e+00
1.045906e+01	-2.134208e+00
1.046689e+01	-2.282816e+00
1.047472e+01	-2.432856e+00
1.048255e+01	-2.584350e+00
1.049038e+01	-2.737315e+00
1.049821e+01	-2.891759e+00
1.050739e+01	-3.074757e+00
1.051657e+01	-3.259784e+00
1.052575e+01	-3.446829e+00
1.053493e+01	-3.635876e+00
1.054411e+01	-3.826913e+00
1.055330e+01	-4.019932e+00
1.056248e+01	-4.214941e+00
1.057166e+01	-4.411959e+00
1.057963e+01	-4.584599e+00
1.058760e+01	-4.758832e+00
1.059556e+01	-4.934723e+00
1.060353e+01	-5.112351e+00
1.061150e+01	-5.291825e+00
1.061947e+01	-5.473273e+00
1.062744e+01	-5.656843e+00
1.063541e+01	-5.842706e+00
1.064383e+01	-6.041834e+00
1.065225e+01	-6.243988e+00
1.066067e+01	-6.449434e+00
1.066909e+01	-6.658444e+00
1.067751e+01	-6.871284e+00
1.068593e+01	-7.088201e+00
1.069435e+01	-7.309390e+00
1.070277e+01	-7.534968e+00
1.071146e+01	-7.772336e+00
1.072015e+01	-8.014184e+00
1.072884e+01	-8.260040e+00
1.073753e+01	-8.509071e+00
1.074622e+01	-8.759958e+00
1.075491e+01	-9.010767e+00
1.076360e+01	-9.258827e+00
1.077229e+01	-9.500572e+00
1.077988e+01	-9.703091e+00
1.078747e+01	-9.893787e+00
1.079127e+01	-9.983442e+00
1.079506e+01	-1.006857e+01
1.079886e+01	-1.014862e+01
1.080265e+01	-1.022302e+01
1.080645e+01	-1.029121e+01
1.081024e+01	-1.035262e+01
1.081404e+01	-1.040673e+01
1.081594e+01	-1.043089e+01
1.081783e+01	-1.045304e+01
1.081973e+01	-1.047313e+01
1.082163e+01	-1.049111e+01
1.082353e+01	-1.050694e+01
1.082543e+01	-1.052056e+01
1.082732e+01	-1.053195e+01
1.082827e+01	-1.053680e+01
1.082922e+01	-1.054108e+01
1.083017e+01	-1.054478e+01
1.083112e+01	-1.054791e+01
1.083207e+01	-1.055045e+01
1.083302e+01	-1.055242e+01
1.083359e+01	-1.055332e+01
1.083415e+01	-1.055401e+01
1.083472e+01	-1.055449e+01
1.083529e+01	-1.055477e+01
1.083586e+01	-1.055483e+01
1.083643e+01	-1.055468e+01
1.083700e+01	-1.055432e+01
1.083756e+01	-1.055375e+01
1.083813e+01	-1.055297e+01
1.083870e+01	-1.055198e+01
1.083984e+01	-1.054938e+01
1.084097e+01	-1.054593e+01
1.084211e+01	-1.054165e+01
1.084325e+01	-1.053654e+01
1.084438e+01	-1.053060e+01
1.084552e+01	-1.052383e+01
1.084666e+01	-1.051625e+01
1.084893e+01	-1.049865e+01
1.085121e+01	-1.047785e+01
1.085348e+01	-1.045393e+01
1.085575e+01	-1.042695e+01
1.085803e+01	-1.039701e+01
1.086030e+01	-1.036419e+01
1.086257e+01	-1.032860e+01
1.086485e+01	-1.029033e+01
1.086939e+01	-1.020626e+01
1.087394e+01	-1.011291e+01
1.087849e+01	-1.001127e+01
1.088304e+01	-9.902319e+00
1.088758e+01	-9.787049e+00
1.089213e+01	-9.666410e+00
1.089668e+01	-9.541295e+00
1.090577e+01	-9.280931e+00
1.091365e+01	-9.048257e+00
1.092152e+01	-8.812128e+00
1.093727e+01	-8.338703e+00
1.094514e+01	-8.104632e+00
1.095301e+01	-7.873732e+00
1.096089e+01	-7.646630e+00
1.096876e+01	-7.423692e+00
1.097729e+01	-7.187137e+00
1.098581e+01	-6.955691e+00
1.099434e+01	-6.729243e+00
1.100287e+01	-6.507586e+00
1.101139e+01	-6.290459e+00
1.101992e+01	-6.077573e+00
1.102845e+01	-5.868624e+00
1.103698e+01	-5.663319e+00
1.104523e+01	-5.467684e+00
1.105349e+01	-5.274963e+00
1.106175e+01	-5.084941e+00
1.107001e+01	-4.897425e+00
1.107827e+01	-4.712246e+00
1.108653e+01	-4.529259e+00
1.109479e+01	-4.348342e+00
1.110304e+01	-4.169392e+00
1.111197e+01	-3.978122e+00
1.112089e+01	-3.788967e+00
1.112982e+01	-3.601861e+00
1.113874e+01	-3.416749e+00
1.114767e+01	-3.233589e+00
1.115659e+01	-3.052345e+00
1.116552e+01	-2.872982e+00
1.117444e+01	-2.695468e+00
1.118270e+01	-2.532796e+00
1.119096e+01	-2.371641e+00
1.119922e+01	-2.211967e+00
1.120748e+01	-2.053728e+00
1.121574e+01	-1.896872e+00
1.122400e+01	-1.741339e+00
1.123226e+01	-1.587062e+00
1.124052e+01	-1.433967e+00
1.125550e+01	-1.159090e+00
1.127047e+01	-8.872572e-01
1.128545e+01	-6.178354e-01
1.130043e+01	-3.501333e-01
1.131754e+01	-4.543037e-02
1.133466e+01	2.591209e-01
1.135177e+01	5.646605e-01
1.136888e+01	8.722976e-01
1.137746e+01	1.027719e+00
1.138605e+01	1.184055e+00
1.139463e+01	1.341421e+00
1.140321e+01	1.499926e+00
1.141180e+01	1.659669e+00
1.142038e+01	1.820741e+00
1.142896e+01	1.983222e+00
1.143755e+01	2.147185e+00
1.144593e+01	2.308917e+00
1.145432e+01	2.472175e+00
1.146271e+01	2.637001e+00
1.147110e+01	2.803434e+00
1.147949e+01	2.971507e+00
1.148788e+01	3.141247e+00
1.149626e+01	3.312681e+00
1.150465e+01	3.485839e+00
1.151336e+01	3.667549e+00
1.152208e+01	3.851193e+00
1.153079e+01	4.036822e+00
1.153950e+01	4.224501e+00
1.154821e+01	4.414309e+00
1.155693e+01	4.606345e+00
1.156564e+01	4.800732e+00
1.157435e+01	4.997615e+00
1.158226e+01	5.178716e+00
1.159018e+01	5.362167e+00
1.159809e+01	5.548135e+00
1.160600e+01	5.736802e+00
1.161391e+01	5.928370e+00
1.162182e+01	6.123047e+00
1.162974e+01	6.321050e+00
1.163765e+01	6.522597e+00
1.164618e+01	6.744104e+00
1.165471e+01	6.970175e+00
1.166324e+01	7.200962e+00
1.167177e+01	7.436513e+00
1.168030e+01	7.676729e+00
1.168883e+01	7.921295e+00
1.169736e+01	8.169606e+00
1.170589e+01	8.420673e+00
1.171472e+01	8.681858e+00
1.172355e+01	8.942084e+00
1.173238e+01	9.198182e+00
1.174121e+01	9.446043e+00
1.174563e+01	9.565320e+00
1.175004e+01	9.680545e+00
1.175446e+01	9.790934e+00
1.175887e+01	9.895662e+00
1.176329e+01	9.993865e+00
1.176770e+01	1.008467e+01
1.177212e+01	1.016720e+01
1.177653e+01	1.024061e+01
1.177857e+01	1.027124e+01
1.178061e+01	1.029966e+01
1.178265e+01	1.032582e+01
1.178469e+01	1.034965e+01
1.178673e+01	1.037109e+01
1.178877e+01	1.039007e+01
1.179081e+01	1.040656e+01
1.179286e+01	1.042050e+01
1.179388e+01	1.042651e+01
1.179490e+01	1.043187e+01
1.179592e+01	1.043657e+01
1.179694e+01	1.044062e+01
1.179796e+01	1.044401e+01
1.179898e+01	1.044674e+01
1.180000e+01	1.044880e+01
1.180051e+01	1.044959e+01
1.180102e+01	1.045021e+01
1.180153e+01	1.045066e+01
1.180204e+01	1.045095e+01
1.180255e+01	1.045107e+01
1.180306e+01	1.045102e+01
1.180357e+01	1.045081e+01
1.180408e+01	1.045043e+01
1.180459e+01	1.044989e+01
1.180510e+01	1.044918e+01
1.180612e+01	1.044726e+01
1.180714e+01	1.044468e+01
1.180816e+01	1.044145e+01
1.180918e+01	1.043755e+01
1.181020e+01	1.043300e+01
1.181122e+01	1.042781e+01
1.181326e+01	1.041548e+01
1.181530e+01	1.040060e+01
1.181734e+01	1.038322e+01
1.181938e+01	1.036337e+01
1.182142e+01	1.034113e+01
1.182346e+01	1.031655e+01
1.182550e+01	1.028969e+01
1.182958e+01	1.022942e+01
1.183367e+01	1.016094e+01
1.183775e+01	1.008488e+01
1.184183e+01	1.000193e+01
1.184570e+01	9.917573e+00
1.184956e+01	9.828231e+00
1.185343e+01	9.734479e+00
1.185730e+01	9.636872e+00
1.186503e+01	9.432206e+00
1.187277e+01	9.218090e+00
1.188050e+01	8.997858e+00
1.188824e+01	8.774230e+00
1.189597e+01	8.549375e+00
1.190371e+01	8.324953e+00
1.191265e+01	8.067718e+00
1.192159e+01	7.813987e+00
1.193053e+01	7.564559e+00
1.193947e+01	7.319853e+00
1.194841e+01	7.080015e+00
1.195735e+01	6.844996e+00
1.196629e+01	6.614618e+00
1.197523e+01	6.388622e+00
1.198319e+01	6.190732e+00
1.199116e+01	5.995854e+00
1.199912e+01	5.803762e+00
1.200708e+01	5.614239e+00
1.201505e+01	5.427082e+00
1.202301e+01	5.242105e+00
1.203098e+01	5.059142e+00
1.203894e+01	4.878049e+00
1.204791e+01	4.676140e+00
1.205688e+01	4.476303e+00
1.206585e+01	4.278425e+00
1.207483e+01	4.082421e+00
1.208380e+01	3.888227e+00
1.209277e+01	3.695804e+00
1.210174e+01	3.505123e+00
1.211071e+01	3.316169e+00
1.211894e+01	3.144290e+00
1.212718e+01	2.973855e+00
1.213541e+01	2.804860e+00
1.214364e+01	2.637297e+00
1.215187e+01	2.471157e+00
1.216011e+01	2.306422e+00
1.216834e+01	2.143067e+00
1.217657e+01	1.981062e+00
1.219188e+01	1.683350e+00
1.219953e+01	1.536081e+00
1.220718e+01	1.389802e+00
1.222248e+01	1.099959e+00
1.223779e+01	8.132605e-01
1.224704e+01	6.411041e-01
1.225630e+01	4.697032e-01
1.227481e+01	1.285016e-01
1.229333e+01	-2.117274e-01
1.231184e+01	-5.524005e-01
1.232689e+01	-8.306693e-01
1.234194e+01	-1.110858e+00
1.235699e+01	-1.393614e+00
1.237204e+01	-1.679513e+00
1.238025e+01	-1.836919e+00
1.238846e+01	-1.995474e+00
1.239667e+01	-2.155238e+00
1.240488e+01	-2.316262e+00
1.241308e+01	-2.478590e+00
1.242129e+01	-2.642260e+00
1.242950e+01	-2.807300e+00
1.243771e+01	-2.973737e+00
1.244642e+01	-3.151994e+00
1.245514e+01	-3.331876e+00
1.246385e+01	-3.513407e+00
1.247256e+01	-3.696615e+00
1.248128e+01	-3.881536e+00
1.248999e+01	-4.068214e+00
1.249871e+01	-4.256709e+00
1.250742e+01	-4.447095e+00
1.251616e+01	-4.640006e+00
1.252490e+01	-4.835035e+00
1.253364e+01	-5.032330e+00
1.254237e+01	-5.232066e+00
1.255111e+01	-5.434447e+00
1.255985e+01	-5.639707e+00
1.256859e+01	-5.848102e+00
1.257733e+01	-6.059918e+00
1.258582e+01	-6.269245e+00
1.259430e+01	-6.482363e+00
1.260279e+01	-6.699544e+00
1.261128e+01	-6.921032e+00
1.261977e+01	-7.147025e+00
1.262826e+01	-7.377641e+00
1.263675e+01	-7.612874e+00
1.264524e+01	-7.852540e+00
1.265306e+01	-8.076996e+00
1.266089e+01	-8.304278e+00
1.267653e+01	-8.763420e+00
1.268436e+01	-8.992312e+00
1.269218e+01	-9.217939e+00
1.270001e+01	-9.437474e+00
1.270783e+01	-9.647453e+00
1.271232e+01	-9.762140e+00
1.271681e+01	-9.871510e+00
1.272130e+01	-9.974676e+00
1.272580e+01	-1.007072e+01
1.273029e+01	-1.015872e+01
1.273478e+01	-1.023775e+01
1.273703e+01	-1.027363e+01
1.273927e+01	-1.030694e+01
1.274152e+01	-1.033758e+01
1.274376e+01	-1.036547e+01
1.274601e+01	-1.039051e+01
1.274826e+01	-1.041262e+01
1.275050e+01	-1.043173e+01
1.275275e+01	-1.044778e+01
1.275387e+01	-1.045464e+01
1.275499e+01	-1.046071e+01
1.275612e+01	-1.046600e+01
1.275724e+01	-1.047049e+01
1.275836e+01	-1.047418e+01
1.275948e+01	-1.047707e+01
1.276005e+01	-1.047821e+01
1.276061e+01	-1.047916e+01
1.276117e+01	-1.047990e+01
1.276173e+01	-1.048044e+01
1.276229e+01	-1.048078e+01
1.276285e+01	-1.048091e+01
1.276341e+01	-1.048085e+01
1.276398e+01	-1.048058e+01
1.276454e+01	-1.048011e+01
1.276510e+01	-1.047944e+01
1.276566e+01	-1.047857e+01
1.276622e+01	-1.047750e+01
1.276734e+01	-1.047475e+01
1.276847e+01	-1.047120e+01
1.276959e+01	-1.046685e+01
1.277071e+01	-1.046171e+01
1.277184e+01	-1.045578e+01
1.277296e+01	-1.044907e+01
1.277521e+01	-1.043331e+01
1.277745e+01	-1.041449e+01
1.277970e+01	-1.039268e+01
1.278162e+01	-1.037172e+01
1.278354e+01	-1.034867e+01
1.278546e+01	-1.032359e+01
1.278737e+01	-1.029654e+01
1.279121e+01	-1.023676e+01
1.279505e+01	-1.016985e+01
1.279889e+01	-1.009635e+01
1.280273e+01	-1.001684e+01
1.280657e+01	-9.931900e+00
1.281041e+01	-9.842101e+00
1.281425e+01	-9.748011e+00
1.281809e+01	-9.650179e+00
1.282576e+01	-9.445343e+00
1.283344e+01	-9.231396e+00
1.284112e+01	-9.011582e+00
1.285795e+01	-8.521603e+00
1.287477e+01	-8.034851e+00
1.288318e+01	-7.796071e+00
1.289160e+01	-7.561278e+00
1.290001e+01	-7.330784e+00
1.290842e+01	-7.104688e+00
1.291710e+01	-6.876073e+00
1.292577e+01	-6.651906e+00
1.293445e+01	-6.431940e+00
1.294312e+01	-6.215885e+00
1.295180e+01	-6.003435e+00
1.296047e+01	-5.794281e+00
1.296915e+01	-5.588131e+00
1.297782e+01	-5.384708e+00
1.298642e+01	-5.185591e+00
1.299502e+01	-4.988697e+00
1.300361e+01	-4.793843e+00
1.301221e+01	-4.600876e+00
1.302081e+01	-4.409668e+00
1.302940e+01	-4.220120e+00
1.303800e+01	-4.032155e+00
1.304659e+01	-3.845714e+00
1.306178e+01	-3.520067e+00
1.306937e+01	-3.358935e+00
1.307696e+01	-3.198918e+00
1.309214e+01	-2.882196e+00
1.310732e+01	-2.569844e+00
1.311557e+01	-2.401945e+00
1.312381e+01	-2.235287e+00
1.313206e+01	-2.069843e+00
1.314031e+01	-1.905574e+00
1.315681e+01	-1.580370e+00
1.317330e+01	-1.259198e+00
1.318251e+01	-1.081476e+00
1.319171e+01	-9.046932e-01
1.321013e+01	-5.533900e-01
1.322854e+01	-2.040864e-01
1.324695e+01	1.445190e-01
1.326268e+01	4.427916e-01
1.327842e+01	7.423546e-01
1.329415e+01	1.043987e+00
1.330988e+01	1.348396e+00
1.331797e+01	1.506318e+00
1.332606e+01	1.665213e+00
1.333416e+01	1.825145e+00
1.334225e+01	1.986171e+00
1.335035e+01	2.148338e+00
1.335844e+01	2.311685e+00
1.336654e+01	2.476242e+00
1.337463e+01	2.642033e+00
1.338303e+01	2.815436e+00
1.339143e+01	2.990202e+00
1.339983e+01	3.166338e+00
1.340823e+01	3.343851e+00
1.341664e+01	3.522748e+00
1.342504e+01	3.703038e+00
1.343344e+01	3.884738e+00
1.344184e+01	4.067871e+00
1.345032e+01	4.254289e+00
1.345881e+01	4.442254e+00
1.346729e+01	4.631835e+00
1.347577e+01	4.823122e+00
1.348426e+01	5.016229e+00
1.349274e+01	5.211295e+00
1.350122e+01	5.408482e+00
1.350971e+01	5.607979e+00
1.351853e+01	5.818237e+00
1.352736e+01	6.031487e+00
1.353619e+01	6.248011e+00
1.354502e+01	6.468097e+00
1.355384e+01	6.692022e+00
1.356267e+01	6.920035e+00
1.357150e+01	7.152323e+00
1.358032e+01	7.388981e+00
1.358851e+01	7.612190e+00
1.359669e+01	7.838912e+00
1.361305e+01	8.300977e+00
1.362123e+01	8.534590e+00
1.362941e+01	8.768087e+00
1.363759e+01	8.999449e+00
1.364578e+01	9.226035e+00
1.365400e+01	9.445764e+00
1.365812e+01	9.551305e+00
1.366223e+01	9.653202e+00
1.366635e+01	9.750844e+00
1.367046e+01	9.843588e+00
1.367458e+01	9.930768e+00
1.367869e+01	1.001170e+01
1.368281e+01	1.008570e+01
1.368692e+01	1.015211e+01
1.368898e+01	1.018225e+01
1.369103e+01	1.021026e+01
1.369309e+01	1.023606e+01
1.369515e+01	1.025958e+01
1.369721e+01	1.028076e+01
1.369926e+01	1.029954e+01
1.370132e+01	1.031586e+01
1.370338e+01	1.032967e+01
1.370441e+01	1.033562e+01
1.370543e+01	1.034094e+01
1.370646e+01	1.034560e+01
1.370749e+01	1.034962e+01
1.370852e+01	1.035299e+01
1.370955e+01	1.035570e+01
1.371058e+01	1.035775e+01
1.371109e+01	1.035852e+01
1.371161e+01	1.035913e+01
1.371214e+01	1.035960e+01
1.371268e+01	1.035988e+01
1.371321e+01	1.035998e+01
1.371375e+01	1.035990e+01
1.371429e+01	1.035965e+01
1.371482e+01	1.035921e+01
1.371536e+01	1.035859e+01
1.371589e+01	1.035779e+01
1.371696e+01	1.035566e+01
1.371804e+01	1.035280e+01
1.371911e+01	1.034923e+01
1.372018e+01	1.034495e+01
1.372125e+01	1.033995e+01
1.372232e+01	1.033425e+01
1.372447e+01	1.032072e+01
1.372661e+01	1.030442e+01
1.372875e+01	1.028537e+01
1.373090e+01	1.026364e+01
1.373304e+01	1.023928e+01
1.373518e+01	1.021236e+01
1.373733e+01	1.018293e+01
1.374161e+01	1.011696e+01
1.374590e+01	1.004203e+01
1.375019e+01	9.958849e+00
1.375447e+01	9.868193e+00
1.375876e+01	9.770849e+00
1.376305e+01	9.667578e+00
1.376734e+01	9.559208e+00
1.377162e+01	9.446410e+00
1.378020e+01	9.210340e+00
1.378888e+01	8.961055e+00
1.379757e+01	8.705981e+00
1.380626e+01	8.448437e+00
1.381494e+01	8.191007e+00
1.382363e+01	7.935613e+00
1.383232e+01	7.683515e+00
1.384100e+01	7.435531e+00
1.384969e+01	7.192112e+00
1.385783e+01	6.968329e+00
1.386597e+01	6.748728e+00
1.387411e+01	6.533283e+00
1.388225e+01	6.321774e+00
1.389040e+01	6.114016e+00
1.389854e+01	5.909752e+00
1.390668e+01	5.708760e+00
1.391482e+01	5.510814e+00
1.392344e+01	5.304278e+00
1.393206e+01	5.100604e+00
1.394068e+01	4.899617e+00
1.394930e+01	4.701081e+00
1.395792e+01	4.504784e+00
1.396654e+01	4.310623e+00
1.397516e+01	4.118448e+00
1.398378e+01	3.928135e+00
1.399175e+01	3.753911e+00
1.399971e+01	3.581142e+00
1.400767e+01	3.409779e+00
1.401564e+01	3.239739e+00
1.402360e+01	3.071027e+00
1.403156e+01	2.903591e+00
1.403952e+01	2.737415e+00
1.404749e+01	2.572432e+00
1.405596e+01	2.398234e+00
1.406443e+01	2.225340e+00
1.407290e+01	2.053683e+00
1.408137e+01	1.883215e+00
1.409830e+01	1.545593e+00
1.411524e+01	1.211929e+00
1.413073e+01	9.098840e-01
1.414621e+01	6.099803e-01
1.416169e+01	3.115755e-01
1.417717e+01	1.395800e-02
1.419396e+01	-3.088980e-01
1.421076e+01	-6.325947e-01
1.422756e+01	-9.580242e-01
1.424435e+01	-1.286036e+00
1.425310e+01	-1.458131e+00
1.426185e+01	-1.631227e+00
1.427060e+01	-1.805418e+00
1.427935e+01	-1.980771e+00
1.428809e+01	-2.157368e+00
1.429684e+01	-2.335266e+00
1.430559e+01	-2.514542e+00
1.431434e+01	-2.695199e+00
1.432266e+01	-2.868472e+00
1.433099e+01	-3.043169e+00
1.433931e+01	-3.219252e+00
1.434764e+01	-3.396731e+00
1.435596e+01	-3.575779e+00
1.436429e+01	-3.756308e+00
1.437261e+01	-3.938472e+00
1.438094e+01	-4.122320e+00
1.438950e+01	-4.313112e+00
1.439805e+01	-4.505879e+00
1.440661e+01	-4.700748e+00
1.441516e+01	-4.897868e+00
1.442372e+01	-5.097412e+00
1.443228e+01	-5.299567e+00
1.444083e+01	-5.504573e+00
1.444939e+01	-5.712627e+00
1.445802e+01	-5.925837e+00
1.446665e+01	-6.142680e+00
1.447528e+01	-6.363417e+00
1.448391e+01	-6.588297e+00
1.449254e+01	-6.817498e+00
1.450117e+01	-7.051192e+00
1.450980e+01	-7.289377e+00
1.451843e+01	-7.531904e+00
1.452612e+01	-7.751589e+00
1.453382e+01	-7.974070e+00
1.454921e+01	-8.424183e+00
1.455691e+01	-8.649493e+00
1.456461e+01	-8.872740e+00
1.457230e+01	-9.091707e+00
1.458000e+01	-9.303498e+00
1.458407e+01	-9.411552e+00
1.458814e+01	-9.516133e+00
1.459221e+01	-9.616630e+00
1.459628e+01	-9.712462e+00
1.460035e+01	-9.802988e+00
1.460443e+01	-9.887531e+00
1.460850e+01	-9.965468e+00
1.461257e+01	-1.003613e+01
1.461664e+01	-1.009890e+01
1.461867e+01	-1.012718e+01
1.462071e+01	-1.015326e+01
1.462274e+01	-1.017711e+01
1.462478e+01	-1.019863e+01
1.462682e+01	-1.021781e+01
1.462885e+01	-1.023460e+01
1.463089e+01	-1.024893e+01
1.463292e+01	-1.026078e+01
1.463394e+01	-1.026577e+01
1.463496e+01	-1.027012e+01
1.463598e+01	-1.027385e+01
1.463699e+01	-1.027694e+01
1.463801e+01	-1.027940e+01
1.463903e+01	-1.028121e+01
1.463954e+01	-1.028187e+01
1.464005e+01	-1.028238e+01
1.464056e+01	-1.028271e+01
1.464106e+01	-1.028294e+01
1.464157e+01	-1.028291e+01
1.464208e+01	-1.028280e+01
1.464259e+01	-1.028251e+01
1.464310e+01	-1.028203e+01
1.464361e+01	-1.028144e+01
1.464412e+01	-1.028065e+01
1.464514e+01	-1.027863e+01
1.464630e+01	-1.027554e+01
1.464746e+01	-1.027164e+01
1.464862e+01	-1.026690e+01
1.464979e+01	-1.026132e+01
1.465095e+01	-1.025495e+01
1.465211e+01	-1.024776e+01
1.465444e+01	-1.023099e+01
1.465676e+01	-1.021110e+01
1.465909e+01	-1.018813e+01
1.466141e+01	-1.016219e+01
1.466374e+01	-1.013335e+01
1.466606e+01	-1.010169e+01
1.466839e+01	-1.006729e+01
1.467071e+01	-1.003034e+01
1.467304e+01	-9.990841e+00
1.467769e+01	-9.904994e+00
1.468234e+01	-9.810656e+00
1.468699e+01	-9.708705e+00
1.469164e+01	-9.600065e+00
1.469629e+01	-9.485955e+00
1.470094e+01	-9.367025e+00
1.471025e+01	-9.117951e+00
1.471955e+01	-8.858963e+00
1.473458e+01	-8.430541e+00
1.474961e+01	-8.001557e+00
1.476464e+01	-7.579844e+00
1.477215e+01	-7.373123e+00
1.477966e+01	-7.169314e+00
1.478828e+01	-6.939550e+00
1.479689e+01	-6.713684e+00
1.480551e+01	-6.491813e+00
1.481412e+01	-6.273687e+00
1.482273e+01	-6.058831e+00
1.483135e+01	-5.847308e+00
1.483996e+01	-5.638541e+00
1.484857e+01	-5.432501e+00
1.485744e+01	-5.222767e+00
1.486632e+01	-5.015357e+00
1.487519e+01	-4.810045e+00
1.488406e+01	-4.606672e+00
1.489294e+01	-4.405098e+00
1.490181e+01	-4.205202e+00
1.491068e+01	-4.006818e+00
1.491955e+01	-3.809977e+00
1.493498e+01	-3.471050e+00
1.495041e+01	-3.136310e+00
1.496585e+01	-2.805696e+00
1.498128e+01	-2.479031e+00
1.498989e+01	-2.298420e+00
1.499850e+01	-2.119023e+00
1.500712e+01	-1.940742e+00
1.501573e+01	-1.763635e+00
1.503296e+01	-1.412508e+00
1.505018e+01	-1.065146e+00
1.506707e+01	-7.275839e-01
1.508396e+01	-3.922372e-01
1.510085e+01	-5.821260e-02
1.511774e+01	2.752727e-01
1.513447e+01	6.059755e-01
1.515119e+01	9.380359e-01
1.516792e+01	1.272103e+00
1.518464e+01	1.609077e+00
1.520059e+01	1.933505e+00
1.521654e+01	2.261359e+00
1.523249e+01	2.593187e+00
1.524843e+01	2.929043e+00
1.525688e+01	3.108737e+00
1.526533e+01	3.289684e+00
1.527378e+01	3.471995e+00
1.528223e+01	3.655468e+00
1.529069e+01	3.840283e+00
1.529914e+01	4.026520e+00
1.530759e+01	4.214169e+00
1.531604e+01	4.403461e+00
1.532478e+01	4.600905e+00
1.533352e+01	4.800293e+00
1.534226e+01	5.001671e+00
1.535100e+01	5.205284e+00
1.535974e+01	5.411188e+00
1.536848e+01	5.620007e+00
1.537722e+01	5.831591e+00
1.538596e+01	6.046303e+00
1.539423e+01	6.252802e+00
1.540251e+01	6.462634e+00
1.541078e+01	6.676078e+00
1.541905e+01	6.893188e+00
1.542732e+01	7.114259e+00
1.543559e+01	7.339156e+00
1.544386e+01	7.568020e+00
1.545214e+01	7.800391e+00
1.546059e+01	8.041163e+00
1.546905e+01	8.284291e+00
1.548596e+01	8.771835e+00
1.549442e+01	9.011983e+00
1.550288e+01	9.245631e+00
1.551134e+01	9.468799e+00
1.551557e+01	9.574996e+00
1.551979e+01	9.676731e+00
1.552371e+01	9.766365e+00
1.552762e+01	9.850982e+00
1.553154e+01	9.930009e+00
1.553545e+01	1.000293e+01
1.553937e+01	1.006913e+01
1.554328e+01	1.012808e+01
1.554524e+01	1.015467e+01
1.554719e+01	1.017925e+01
1.554915e+01	1.020179e+01
1.555111e+01	1.022220e+01
1.555306e+01	1.024046e+01
1.555502e+01	1.025650e+01
1.555698e+01	1.027030e+01
1.555894e+01	1.028182e+01
1.555991e+01	1.028672e+01
1.556089e+01	1.029103e+01
1.556187e+01	1.029477e+01
1.556285e+01	1.029791e+01
1.556383e+01	1.030047e+01
1.556481e+01	1.030244e+01
1.556530e+01	1.030320e+01
1.556579e+01	1.030382e+01
1.556628e+01	1.030429e+01
1.556676e+01	1.030461e+01
1.556725e+01	1.030478e+01
1.556774e+01	1.030480e+01
1.556823e+01	1.030468e+01
1.556872e+01	1.030440e+01
1.556921e+01	1.030398e+01
1.556970e+01	1.030342e+01
1.557068e+01	1.030184e+01
1.557166e+01	1.029966e+01
1.557264e+01	1.029690e+01
1.557361e+01	1.029355e+01
1.557459e+01	1.028961e+01
1.557557e+01	1.028509e+01
1.557655e+01	1.028001e+01
1.557851e+01	1.026807e+01
1.558046e+01	1.025388e+01
1.558242e+01	1.023745e+01
1.558456e+01	1.021697e+01
1.558670e+01	1.019383e+01
1.558884e+01	1.016827e+01
1.559098e+01	1.014019e+01
1.559312e+01	1.010979e+01
1.559526e+01	1.007715e+01
1.559954e+01	1.000521e+01
1.560382e+01	9.925294e+00
1.560810e+01	9.837978e+00
1.561238e+01	9.744078e+00
1.561666e+01	9.644283e+00
1.562094e+01	9.539544e+00
1.562522e+01	9.430290e+00
1.563378e+01	9.201469e+00
1.564234e+01	8.962735e+00
1.565090e+01	8.717955e+00
1.566791e+01	8.225430e+00
1.567642e+01	7.980541e+00
1.568493e+01	7.738212e+00
1.569344e+01	7.499320e+00
1.570195e+01	7.264331e+00
1.571045e+01	7.033462e+00
1.571896e+01	6.806748e+00
1.572686e+01	6.599965e+00
1.573476e+01	6.396541e+00
1.574265e+01	6.196225e+00
1.575055e+01	5.999023e+00
1.575845e+01	5.804377e+00
1.576634e+01	5.612704e+00
1.577424e+01	5.422915e+00
1.578213e+01	5.235424e+00
1.579121e+01	5.022438e+00
1.580028e+01	4.811554e+00
1.580936e+01	4.603007e+00
1.581843e+01	4.395933e+00
1.582750e+01	4.191449e+00
1.583658e+01	3.988156e+00
1.584565e+01	3.786661e+00
1.585472e+01	3.586445e+00
1.587162e+01	3.217260e+00
1.588852e+01	2.852778e+00
1.589696e+01	2.672433e+00
1.590541e+01	2.492925e+00
1.591386e+01	2.314537e+00
1.592231e+01	2.136919e+00
1.593939e+01	1.781438e+00
1.595647e+01	1.429146e+00
1.597354e+01	1.080279e+00
1.599062e+01	7.335507e-01
1.600574e+01	4.284135e-01
1.602086e+01	1.237980e-01
1.603598e+01	-1.805069e-01
1.605109e+01	-4.853799e-01
1.606800e+01	-8.276238e-01
1.608491e+01	-1.172020e+00
1.610182e+01	-1.519155e+00
1.611873e+01	-1.869685e+00
1.612761e+01	-2.055276e+00
1.613649e+01	-2.241733e+00
1.614536e+01	-2.429545e+00
1.615424e+01	-2.618531e+00
1.616311e+01	-2.808485e+00
1.617199e+01	-3.000269e+00
1.618087e+01	-3.192787e+00
1.618974e+01	-3.386758e+00
1.620491e+01	-3.721284e+00
1.622007e+01	-4.059872e+00
1.623524e+01	-4.402723e+00
1.625041e+01	-4.750467e+00
1.625901e+01	-4.950295e+00
1.626762e+01	-5.152300e+00
1.627623e+01	-5.355986e+00
1.628483e+01	-5.562129e+00
1.629344e+01	-5.770809e+00
1.630204e+01	-5.981980e+00
1.631065e+01	-6.196507e+00
1.631926e+01	-6.414310e+00
1.632771e+01	-6.631512e+00
1.633617e+01	-6.852449e+00
1.634462e+01	-7.076832e+00
1.635308e+01	-7.305001e+00
1.636153e+01	-7.536254e+00
1.636999e+01	-7.770716e+00
1.638690e+01	-8.247178e+00
1.639573e+01	-8.496384e+00
1.640457e+01	-8.744277e+00
1.641340e+01	-8.987081e+00
1.642224e+01	-9.221348e+00
1.642665e+01	-9.333844e+00
1.643107e+01	-9.442420e+00
1.643549e+01	-9.546189e+00
1.643990e+01	-9.644594e+00
1.644432e+01	-9.736801e+00
1.644874e+01	-9.821993e+00
1.645316e+01	-9.899411e+00
1.645757e+01	-9.968245e+00
1.646133e+01	-1.001947e+01
1.646321e+01	-1.004246e+01
1.646509e+01	-1.006356e+01
1.646696e+01	-1.008281e+01
1.646884e+01	-1.010011e+01
1.647072e+01	-1.011545e+01
1.647260e+01	-1.012878e+01
1.647448e+01	-1.014009e+01
1.647636e+01	-1.014932e+01
1.647730e+01	-1.015316e+01
1.647823e+01	-1.015648e+01
1.647917e+01	-1.015927e+01
1.648011e+01	-1.016153e+01
1.648105e+01	-1.016326e+01
1.648152e+01	-1.016392e+01
1.648199e+01	-1.016445e+01
1.648246e+01	-1.016482e+01
1.648293e+01	-1.016512e+01
1.648340e+01	-1.016525e+01
1.648387e+01	-1.016525e+01
1.648434e+01	-1.016512e+01
1.648481e+01	-1.016485e+01
1.648528e+01	-1.016445e+01
1.648575e+01	-1.016387e+01
1.648669e+01	-1.016246e+01
1.648763e+01	-1.016046e+01
1.648857e+01	-1.015792e+01
1.648950e+01	-1.015487e+01
1.649044e+01	-1.015128e+01
1.649138e+01	-1.014712e+01
1.649326e+01	-1.013735e+01
1.649514e+01	-1.012530e+01
1.649702e+01	-1.011151e+01
1.649890e+01	-1.009544e+01
1.650078e+01	-1.007754e+01
1.650265e+01	-1.005761e+01
1.650453e+01	-1.003564e+01
1.650641e+01	-1.001200e+01
1.651017e+01	-9.959081e+00
1.651392e+01	-9.899246e+00
1.651768e+01	-9.832852e+00
1.652189e+01	-9.751602e+00
1.652610e+01	-9.663408e+00
1.653031e+01	-9.569104e+00
1.653451e+01	-9.469319e+00
1.653872e+01	-9.364798e+00
1.654293e+01	-9.256065e+00
1.655135e+01	-9.029013e+00
1.655976e+01	-8.792162e+00
1.656818e+01	-8.549789e+00
1.657659e+01	-8.304206e+00
1.658501e+01	-8.058396e+00
1.660188e+01	-7.570521e+00
1.661032e+01	-7.330934e+00
1.661875e+01	-7.095255e+00
1.662719e+01	-6.863136e+00
1.663562e+01	-6.635171e+00
1.664406e+01	-6.411477e+00
1.665250e+01	-6.191369e+00
1.666152e+01	-5.960063e+00
1.667055e+01	-5.732798e+00
1.667958e+01	-5.508860e+00
1.668861e+01	-5.288487e+00
1.669764e+01	-5.071461e+00
1.670667e+01	-4.856666e+00
1.671570e+01	-4.644490e+00
1.672473e+01	-4.434670e+00
1.673281e+01	-4.248517e+00
1.674090e+01	-4.063981e+00
1.674899e+01	-3.881092e+00
1.675708e+01	-3.699457e+00
1.677326e+01	-3.340241e+00
1.678135e+01	-3.162558e+00
1.678944e+01	-2.985947e+00
1.680529e+01	-2.643570e+00
1.682113e+01	-2.305070e+00
1.683697e+01	-1.969831e+00
1.685281e+01	-1.638711e+00
1.687013e+01	-1.279556e+00
1.688746e+01	-9.232729e-01
1.690478e+01	-5.695379e-01
1.692210e+01	-2.170175e-01
1.693929e+01	1.321122e-01
1.695648e+01	4.809158e-01
1.697367e+01	8.314626e-01
1.699085e+01	1.183369e+00
1.700745e+01	1.525462e+00
1.702404e+01	1.871105e+00
1.704064e+01	2.219453e+00
1.705723e+01	2.572136e+00
1.706596e+01	2.759403e+00
1.707469e+01	2.947727e+00
1.708341e+01	3.137646e+00
1.709214e+01	3.329077e+00
1.710087e+01	3.521394e+00
1.710960e+01	3.715947e+00
1.711833e+01	3.911528e+00
1.712705e+01	4.108627e+00
1.713535e+01	4.297952e+00
1.714364e+01	4.489143e+00
1.715194e+01	4.682017e+00
1.716023e+01	4.877054e+00
1.716853e+01	5.074323e+00
1.717682e+01	5.273986e+00
1.718512e+01	5.476238e+00
1.719341e+01	5.681321e+00
1.720113e+01	5.874706e+00
1.720884e+01	6.070892e+00
1.721655e+01	6.270086e+00
1.722426e+01	6.472333e+00
1.723197e+01	6.677855e+00
1.723968e+01	6.886697e+00
1.724740e+01	7.098871e+00
1.725511e+01	7.314467e+00
1.726329e+01	7.546134e+00
1.727148e+01	7.780889e+00
1.728784e+01	8.255927e+00
1.729603e+01	8.493489e+00
1.730421e+01	8.728512e+00
1.731240e+01	8.958458e+00
1.732058e+01	9.179739e+00
1.732501e+01	9.294615e+00
1.732944e+01	9.405152e+00
1.733387e+01	9.510755e+00
1.733829e+01	9.610477e+00
1.734272e+01	9.703542e+00
1.734715e+01	9.789194e+00
1.735158e+01	9.866641e+00
1.735600e+01	9.935053e+00
1.735822e+01	9.965777e+00
1.736043e+01	9.993931e+00
1.736264e+01	1.001948e+01
1.736486e+01	1.004242e+01
1.736707e+01	1.006266e+01
1.736929e+01	1.008010e+01
1.737150e+01	1.009473e+01
1.737261e+01	1.010099e+01
1.737371e+01	1.010652e+01
1.737482e+01	1.011131e+01
1.737593e+01	1.011538e+01
1.737703e+01	1.011876e+01
1.737814e+01	1.012135e+01
1.737869e+01	1.012241e+01
1.737925e+01	1.012326e+01
1.737980e+01	1.012393e+01
1.738035e+01	1.012443e+01
1.738091e+01	1.012468e+01
1.738146e+01	1.012483e+01
1.738201e+01	1.012478e+01
1.738257e+01	1.012451e+01
1.738312e+01	1.012409e+01
1.738367e+01	1.012347e+01
1.738423e+01	1.012262e+01
1.738478e+01	1.012163e+01
1.738589e+01	1.011912e+01
1.738700e+01	1.011594e+01
1.738810e+01	1.011191e+01
1.738921e+01	1.010729e+01
1.739032e+01	1.010185e+01
1.739142e+01	1.009579e+01
1.739359e+01	1.008175e+01
1.739576e+01	1.006507e+01
1.739792e+01	1.004568e+01
1.740009e+01	1.002382e+01
1.740226e+01	9.999575e+00
1.740443e+01	9.972689e+00
1.740659e+01	9.943729e+00
1.740876e+01	9.912172e+00
1.741309e+01	9.843056e+00
1.741743e+01	9.765613e+00
1.742176e+01	9.681001e+00
1.742610e+01	9.589987e+00
1.743043e+01	9.492809e+00
1.743477e+01	9.390699e+00
1.743910e+01	9.284180e+00
1.744343e+01	9.174158e+00
1.745210e+01	8.944565e+00
1.746077e+01	8.706977e+00
1.746893e+01	8.479199e+00
1.747709e+01	8.249320e+00
1.749341e+01	7.790515e+00
1.750157e+01	7.563898e+00
1.750973e+01	7.339982e+00
1.751788e+01	7.119117e+00
1.752604e+01	6.901470e+00
1.753407e+01	6.690508e+00
1.754210e+01	6.482625e+00
1.755013e+01	6.277873e+00
1.755815e+01	6.075542e+00
1.756618e+01	5.876164e+00
1.757421e+01	5.678818e+00
1.758223e+01	5.483845e+00
1.759026e+01	5.290869e+00
1.759875e+01	5.088850e+00
1.760723e+01	4.888664e+00
1.761572e+01	4.690143e+00
1.762420e+01	4.493130e+00
1.764117e+01	4.103157e+00
1.764966e+01	3.910004e+00
1.765814e+01	3.717976e+00
1.767547e+01	3.329059e+00
1.769281e+01	2.944340e+00
1.771014e+01	2.563640e+00
1.772747e+01	2.186813e+00
1.774466e+01	1.816726e+00
1.776185e+01	1.449974e+00
1.777903e+01	1.086155e+00
1.779622e+01	7.247381e-01
1.781237e+01	3.867877e-01
1.782852e+01	4.979036e-02
1.784467e+01	-2.868980e-01
1.786082e+01	-6.239341e-01
1.787796e+01	-9.827560e-01
1.789510e+01	-1.343382e+00
1.791224e+01	-1.706422e+00
1.792938e+01	-2.072378e+00
1.794529e+01	-2.415048e+00
1.796121e+01	-2.760814e+00
1.797712e+01	-3.109878e+00
1.799303e+01	-3.462440e+00
1.801004e+01	-3.843579e+00
1.802706e+01	-4.229444e+00
1.803556e+01	-4.424348e+00
1.804407e+01	-4.620705e+00
1.805258e+01	-4.818646e+00
1.806109e+01	-5.018323e+00
1.806911e+01	-5.208413e+00
1.807713e+01	-5.400364e+00
1.808516e+01	-5.594355e+00
1.809318e+01	-5.790575e+00
1.810121e+01	-5.989223e+00
1.810923e+01	-6.190500e+00
1.811725e+01	-6.394596e+00
1.812528e+01	-6.601682e+00
1.813418e+01	-6.835102e+00
1.814308e+01	-7.072481e+00
1.815198e+01	-7.313795e+00
1.816089e+01	-7.558835e+00
1.816979e+01	-7.807135e+00
1.817869e+01	-8.057876e+00
1.819649e+01	-8.561023e+00
1.820442e+01	-8.782059e+00
1.821234e+01	-8.998217e+00
1.822027e+01	-9.206610e+00
1.822819e+01	-9.403788e+00
1.823216e+01	-9.496948e+00
1.823612e+01	-9.585787e+00
1.824008e+01	-9.669750e+00
1.824404e+01	-9.748274e+00
1.824801e+01	-9.821226e+00
1.825197e+01	-9.886731e+00
1.825593e+01	-9.945565e+00
1.825791e+01	-9.972156e+00
1.825989e+01	-9.996782e+00
1.826195e+01	-1.002021e+01
1.826401e+01	-1.004141e+01
1.826607e+01	-1.006030e+01
1.826812e+01	-1.007702e+01
1.827018e+01	-1.009102e+01
1.827224e+01	-1.010275e+01
1.827327e+01	-1.010770e+01
1.827430e+01	-1.011202e+01
1.827532e+01	-1.011573e+01
1.827635e+01	-1.011880e+01
1.827738e+01	-1.012126e+01
1.827841e+01	-1.012308e+01
1.827893e+01	-1.012375e+01
1.827944e+01	-1.012427e+01
1.827995e+01	-1.012463e+01
1.828047e+01	-1.012483e+01
1.828098e+01	-1.012487e+01
1.828150e+01	-1.012476e+01
1.828201e+01	-1.012448e+01
1.828253e+01	-1.012405e+01
1.828304e+01	-1.012346e+01
1.828355e+01	-1.012271e+01
1.828458e+01	-1.012074e+01
1.828561e+01	-1.011814e+01
1.828664e+01	-1.011491e+01
1.828767e+01	-1.011106e+01
1.828870e+01	-1.010657e+01
1.828973e+01	-1.010147e+01
1.829076e+01	-1.009575e+01
1.829281e+01	-1.008246e+01
1.829487e+01	-1.006649e+01
1.829693e+01	-1.004863e+01
1.829899e+01	-1.002818e+01
1.830104e+01	-1.000544e+01
1.830310e+01	-9.980454e+00
1.830516e+01	-9.953292e+00
1.830927e+01	-9.892695e+00
1.831339e+01	-9.824198e+00
1.831750e+01	-9.748396e+00
1.832162e+01	-9.665916e+00
1.832573e+01	-9.577396e+00
1.833008e+01	-9.478040e+00
1.833443e+01	-9.372717e+00
1.833877e+01	-9.263490e+00
1.834312e+01	-9.151114e+00
1.835181e+01	-8.915025e+00
1.836051e+01	-8.671944e+00
1.836920e+01	-8.423271e+00
1.837789e+01	-8.171861e+00
1.838659e+01	-7.921496e+00
1.839528e+01	-7.672930e+00
1.840392e+01	-7.428900e+00
1.841255e+01	-7.189118e+00
1.842118e+01	-6.951748e+00
1.842982e+01	-6.718902e+00
1.843845e+01	-6.490867e+00
1.844708e+01	-6.265213e+00
1.845572e+01	-6.043938e+00
1.846435e+01	-5.826080e+00
1.847279e+01	-5.616223e+00
1.848123e+01	-5.409127e+00
1.848966e+01	-5.204569e+00
1.849810e+01	-5.002318e+00
1.850654e+01	-4.802161e+00
1.851498e+01	-4.603909e+00
1.852342e+01	-4.407392e+00
1.853185e+01	-4.212551e+00
1.854849e+01	-3.832277e+00
1.855681e+01	-3.644056e+00
1.856513e+01	-3.456985e+00
1.858177e+01	-3.086032e+00
1.859840e+01	-2.719009e+00
1.861418e+01	-2.374390e+00
1.862995e+01	-2.032922e+00
1.864572e+01	-1.693826e+00
1.866149e+01	-1.357279e+00
1.867754e+01	-1.016965e+00
1.869358e+01	-6.784237e-01
1.870963e+01	-3.407493e-01
1.872567e+01	-3.437497e-03
1.874424e+01	3.869637e-01
1.876281e+01	7.782467e-01
1.878139e+01	1.171662e+00
1.879996e+01	1.567774e+00
1.881476e+01	1.886006e+00
1.882957e+01	2.206643e+00
1.884438e+01	2.529917e+00
1.885918e+01	2.856023e+00
1.886825e+01	3.057283e+00
1.887731e+01	3.259369e+00
1.888637e+01	3.462852e+00
1.889544e+01	3.667584e+00
1.890450e+01	3.873734e+00
1.891356e+01	4.081292e+00
1.892263e+01	4.290394e+00
1.893169e+01	4.501165e+00
1.893958e+01	4.686277e+00
1.894748e+01	4.872756e+00
1.895537e+01	5.060988e+00
1.896327e+01	5.250851e+00
1.897116e+01	5.442698e+00
1.897905e+01	5.636552e+00
1.898695e+01	5.832804e+00
1.899484e+01	6.031612e+00
1.900380e+01	6.259603e+00
1.901276e+01	6.491649e+00
1.902171e+01	6.727618e+00
1.903067e+01	6.967142e+00
1.903963e+01	7.210079e+00
1.904859e+01	7.456645e+00
1.906650e+01	7.957131e+00
1.908189e+01	8.389695e+00
1.908959e+01	8.602609e+00
1.909729e+01	8.811498e+00
1.910498e+01	9.013547e+00
1.911268e+01	9.205678e+00
1.911653e+01	9.297108e+00
1.912038e+01	9.384791e+00
1.912423e+01	9.468243e+00
1.912807e+01	9.547130e+00
1.913221e+01	9.625612e+00
1.913634e+01	9.697941e+00
1.914048e+01	9.762874e+00
1.914461e+01	9.820090e+00
1.914668e+01	9.845368e+00
1.914875e+01	9.868701e+00
1.915081e+01	9.889924e+00
1.915288e+01	9.908731e+00
1.915495e+01	9.925278e+00
1.915702e+01	9.939515e+00
1.915908e+01	9.951271e+00
1.916012e+01	9.956272e+00
1.916115e+01	9.960684e+00
1.916218e+01	9.964436e+00
1.916322e+01	9.967609e+00
1.916425e+01	9.970149e+00
1.916528e+01	9.972064e+00
1.916580e+01	9.972774e+00
1.916632e+01	9.973384e+00
1.916683e+01	9.973784e+00
1.916735e+01	9.974025e+00
1.916787e+01	9.974173e+00
1.916838e+01	9.974105e+00
1.916890e+01	9.973874e+00
1.916942e+01	9.973547e+00
1.916993e+01	9.973056e+00
1.917045e+01	9.972323e+00
1.917149e+01	9.970499e+00
1.917252e+01	9.968080e+00
1.917355e+01	9.965059e+00
1.917459e+01	9.961354e+00
1.917562e+01	9.957030e+00
1.917665e+01	9.952143e+00
1.917769e+01	9.946655e+00
1.917975e+01	9.933815e+00
1.918182e+01	9.918578e+00
1.918389e+01	9.900931e+00
1.918596e+01	9.881010e+00
1.918802e+01	9.858984e+00
1.919009e+01	9.834481e+00
1.919216e+01	9.808168e+00
1.919422e+01	9.779271e+00
1.919872e+01	9.710007e+00
1.920322e+01	9.631697e+00
1.920772e+01	9.545343e+00
1.921222e+01	9.452080e+00
1.921671e+01	9.351659e+00
1.922121e+01	9.245561e+00
1.922571e+01	9.134937e+00
1.923021e+01	9.019462e+00
1.923920e+01	8.779444e+00
1.924820e+01	8.529273e+00
1.925720e+01	8.274095e+00
1.926619e+01	8.016707e+00
1.928181e+01	7.570443e+00
1.929743e+01	7.131433e+00
1.930524e+01	6.916637e+00
1.931305e+01	6.703601e+00
1.932086e+01	6.494269e+00
1.932867e+01	6.288066e+00
1.933740e+01	6.061123e+00
1.934613e+01	5.837719e+00
1.935485e+01	5.617610e+00
1.936358e+01	5.399979e+00
1.937231e+01	5.185633e+00
1.938103e+01	4.974028e+00
1.938976e+01	4.763931e+00
1.939849e+01	4.556657e+00
1.940699e+01	4.356421e+00
1.941549e+01	4.158048e+00
1.942399e+01	3.959942e+00
1.943249e+01	3.765200e+00
1.944949e+01	3.378055e+00
1.946649e+01	2.995541e+00
1.948346e+01	2.618134e+00
1.950043e+01	2.244107e+00
1.951740e+01	1.873673e+00
1.953437e+01	1.506836e+00
1.955144e+01	1.139647e+00
1.956851e+01	7.758971e-01
1.958558e+01	4.128807e-01
1.960265e+01	5.065295e-02
1.961798e+01	-2.736636e-01
1.963330e+01	-5.987334e-01
1.964863e+01	-9.242493e-01
1.966395e+01	-1.251301e+00
1.968174e+01	-1.633114e+00
1.969952e+01	-2.016992e+00
1.971731e+01	-2.404890e+00
1.973509e+01	-2.796362e+00
1.975172e+01	-3.167024e+00
1.976835e+01	-3.542107e+00
1.977667e+01	-3.730986e+00
1.978498e+01	-3.921753e+00
1.979330e+01	-4.113568e+00
1.980162e+01	-4.307934e+00
1.981375e+01	-4.592914e+00
1.982589e+01	-4.881872e+00
1.983803e+01	-5.175503e+00
1.985017e+01	-5.474703e+00
1.986230e+01	-5.780224e+00
1.987444e+01	-6.091284e+00
1.988658e+01	-6.408611e+00
1.989872e+01	-6.734301e+00
1.991086e+01	-7.067465e+00
1.992299e+01	-7.407485e+00
1.993513e+01	-7.752467e+00
1.994727e+01	-8.103745e+00
1.995941e+01	-8.449515e+00
1.996548e+01	-8.619977e+00
1.997154e+01	-8.789763e+00
1.997761e+01	-8.953263e+00
1.998368e+01	-9.109551e+00
1.998975e+01	-9.261022e+00
1.999582e+01	-9.399796e+00
2.000000e+01	-9.491740e+00
