5.000000e-01	2.747299e+00
5.004181e-01	2.753077e+00
5.012472e-01	2.764566e+00
5.020764e-01	2.776089e+00
5.024910e-01	2.781864e+00
5.029056e-01	2.787648e+00
5.037347e-01	2.799242e+00
5.041493e-01	2.805052e+00
5.045639e-01	2.810871e+00
5.049785e-01	2.816698e+00
5.053931e-01	2.822535e+00
5.062222e-01	2.834234e+00
5.070514e-01	2.845969e+00
5.074621e-01	2.851794e+00
5.078728e-01	2.857628e+00
5.082834e-01	2.863470e+00
5.086941e-01	2.869321e+00
5.095155e-01	2.881048e+00
5.103368e-01	2.892810e+00
5.111582e-01	2.904607e+00
5.119796e-01	2.916437e+00
5.128009e-01	2.928303e+00
5.136223e-01	2.940202e+00
5.140475e-01	2.946375e+00
5.144726e-01	2.952558e+00
5.153230e-01	2.964951e+00
5.157482e-01	2.971161e+00
5.161734e-01	2.977380e+00
5.165986e-01	2.983608e+00
5.170237e-01	2.989846e+00
5.178741e-01	3.002349e+00
5.187245e-01	3.014888e+00
5.191496e-01	3.021172e+00
5.195748e-01	3.027464e+00
5.200000e-01	3.033766e+00
5.204252e-01	3.040077e+00
5.212170e-01	3.051854e+00
5.220087e-01	3.063662e+00
5.228005e-01	3.075501e+00
5.235923e-01	3.087373e+00
5.243841e-01	3.099276e+00
5.251758e-01	3.111210e+00
5.259676e-01	3.123176e+00
5.267594e-01	3.135174e+00
5.271957e-01	3.141798e+00
5.276320e-01	3.148432e+00
5.285045e-01	3.161728e+00
5.289408e-01	3.168390e+00
5.293771e-01	3.175062e+00
5.298134e-01	3.181743e+00
5.302496e-01	3.188434e+00
5.311222e-01	3.201844e+00
5.319948e-01	3.215292e+00
5.324311e-01	3.222030e+00
5.328673e-01	3.228777e+00
5.333036e-01	3.235534e+00
5.337399e-01	3.242301e+00
5.345267e-01	3.254528e+00
5.353135e-01	3.266785e+00
5.361004e-01	3.279073e+00
5.368872e-01	3.291392e+00
5.376740e-01	3.303741e+00
5.384608e-01	3.316120e+00
5.392477e-01	3.328530e+00
5.400345e-01	3.340970e+00
5.404795e-01	3.348018e+00
5.409244e-01	3.355077e+00
5.418144e-01	3.369222e+00
5.422594e-01	3.376309e+00
5.427044e-01	3.383406e+00
5.431493e-01	3.390513e+00
5.435943e-01	3.397629e+00
5.444843e-01	3.411890e+00
5.453742e-01	3.426189e+00
5.458192e-01	3.433354e+00
5.462642e-01	3.440527e+00
5.471542e-01	3.454903e+00
5.479110e-01	3.467159e+00
5.486679e-01	3.479443e+00
5.494248e-01	3.491754e+00
5.501817e-01	3.504093e+00
5.509386e-01	3.516459e+00
5.516955e-01	3.528852e+00
5.524523e-01	3.541273e+00
5.532092e-01	3.553720e+00
5.540585e-01	3.567721e+00
5.549079e-01	3.581755e+00
5.557572e-01	3.595823e+00
5.566065e-01	3.609926e+00
5.574558e-01	3.624062e+00
5.583052e-01	3.638232e+00
5.591545e-01	3.652436e+00
5.600038e-01	3.666673e+00
5.608837e-01	3.681459e+00
5.617636e-01	3.696280e+00
5.626436e-01	3.711137e+00
5.635235e-01	3.726031e+00
5.644034e-01	3.740959e+00
5.652833e-01	3.755924e+00
5.661633e-01	3.770923e+00
5.670432e-01	3.785958e+00
5.678873e-01	3.800415e+00
5.687314e-01	3.814904e+00
5.695756e-01	3.829425e+00
5.704197e-01	3.843979e+00
5.712638e-01	3.858564e+00
5.721079e-01	3.873182e+00
5.729521e-01	3.887831e+00
5.737962e-01	3.902513e+00
5.746264e-01	3.916983e+00
5.754567e-01	3.931485e+00
5.762869e-01	3.946017e+00
5.771171e-01	3.960579e+00
5.779474e-01	3.975172e+00
5.787776e-01	3.989795e+00
5.796078e-01	4.004449e+00
5.804381e-01	4.019132e+00
5.812352e-01	4.033259e+00
5.820324e-01	4.047414e+00
5.828296e-01	4.061597e+00
5.836268e-01	4.075807e+00
5.844240e-01	4.090045e+00
5.852212e-01	4.104310e+00
5.860184e-01	4.118602e+00
5.868155e-01	4.132922e+00
5.876449e-01	4.147849e+00
5.884744e-01	4.162805e+00
5.893038e-01	4.177791e+00
5.901332e-01	4.192806e+00
5.909626e-01	4.207850e+00
5.917920e-01	4.222923e+00
5.926214e-01	4.238025e+00
5.934508e-01	4.253156e+00
5.943316e-01	4.269256e+00
5.952123e-01	4.285389e+00
5.960931e-01	4.301554e+00
5.969739e-01	4.317751e+00
5.978547e-01	4.333980e+00
5.987355e-01	4.350241e+00
5.996163e-01	4.366535e+00
6.004971e-01	4.382860e+00
6.013379e-01	4.398475e+00
6.021787e-01	4.414118e+00
6.030196e-01	4.429790e+00
6.038604e-01	4.445492e+00
6.047013e-01	4.461222e+00
6.055421e-01	4.476980e+00
6.063829e-01	4.492768e+00
6.072238e-01	4.508584e+00
6.080328e-01	4.523829e+00
6.088419e-01	4.539101e+00
6.096509e-01	4.554399e+00
6.104600e-01	4.569724e+00
6.112691e-01	4.585074e+00
6.120781e-01	4.600451e+00
6.128872e-01	4.615854e+00
6.136962e-01	4.631283e+00
6.145175e-01	4.646972e+00
6.153387e-01	4.662687e+00
6.161600e-01	4.678429e+00
6.169812e-01	4.694197e+00
6.178024e-01	4.709993e+00
6.186237e-01	4.725815e+00
6.194449e-01	4.741663e+00
6.202662e-01	4.757539e+00
6.211086e-01	4.773851e+00
6.219510e-01	4.790192e+00
6.227934e-01	4.806560e+00
6.236358e-01	4.822956e+00
6.244782e-01	4.839381e+00
6.253207e-01	4.855833e+00
6.261631e-01	4.872313e+00
6.270055e-01	4.888821e+00
6.278447e-01	4.905294e+00
6.286839e-01	4.921795e+00
6.295231e-01	4.938323e+00
6.303623e-01	4.954879e+00
6.312015e-01	4.971463e+00
6.320407e-01	4.988074e+00
6.328800e-01	5.004713e+00
6.337192e-01	5.021380e+00
6.345469e-01	5.037846e+00
6.353747e-01	5.054339e+00
6.362024e-01	5.070859e+00
6.370302e-01	5.087407e+00
6.378579e-01	5.103981e+00
6.386857e-01	5.120582e+00
6.395134e-01	5.137211e+00
6.403412e-01	5.153866e+00
6.412011e-01	5.171198e+00
6.420610e-01	5.188559e+00
6.429209e-01	5.205949e+00
6.437808e-01	5.223369e+00
6.446407e-01	5.240818e+00
6.455007e-01	5.258297e+00
6.463606e-01	5.275805e+00
6.472205e-01	5.293343e+00
6.480825e-01	5.310953e+00
6.489445e-01	5.328593e+00
6.498065e-01	5.346263e+00
6.506685e-01	5.363964e+00
6.515304e-01	5.381694e+00
6.523924e-01	5.399455e+00
6.532544e-01	5.417246e+00
6.541164e-01	5.435067e+00
6.549432e-01	5.452190e+00
6.557700e-01	5.469341e+00
6.565968e-01	5.486521e+00
6.574237e-01	5.503729e+00
6.582505e-01	5.520965e+00
6.590773e-01	5.538230e+00
6.599041e-01	5.555523e+00
6.607309e-01	5.572846e+00
6.615138e-01	5.589275e+00
6.622967e-01	5.605730e+00
6.630796e-01	5.622211e+00
6.638625e-01	5.638719e+00
6.646454e-01	5.655252e+00
6.654282e-01	5.671812e+00
6.662111e-01	5.688399e+00
6.669940e-01	5.705013e+00
6.678249e-01	5.722674e+00
6.686559e-01	5.740367e+00
6.694868e-01	5.758089e+00
6.703177e-01	5.775842e+00
6.711486e-01	5.793626e+00
6.719795e-01	5.811441e+00
6.728104e-01	5.829287e+00
6.736413e-01	5.847165e+00
6.745475e-01	5.866698e+00
6.754537e-01	5.886269e+00
6.763599e-01	5.905877e+00
6.772661e-01	5.925524e+00
6.781723e-01	5.945209e+00
6.790785e-01	5.964933e+00
6.799847e-01	5.984695e+00
6.808909e-01	6.004497e+00
6.816797e-01	6.021765e+00
6.824685e-01	6.039063e+00
6.832573e-01	6.056392e+00
6.840461e-01	6.073751e+00
6.848348e-01	6.091140e+00
6.856236e-01	6.108560e+00
6.864124e-01	6.126012e+00
6.872012e-01	6.143494e+00
6.879995e-01	6.161221e+00
6.887979e-01	6.178980e+00
6.895963e-01	6.196772e+00
6.903946e-01	6.214596e+00
6.911930e-01	6.232453e+00
6.919914e-01	6.250344e+00
6.927898e-01	6.268268e+00
6.935881e-01	6.286225e+00
6.944795e-01	6.306315e+00
6.953709e-01	6.326447e+00
6.962623e-01	6.346622e+00
6.971537e-01	6.366840e+00
6.980451e-01	6.387102e+00
6.989365e-01	6.407408e+00
6.998279e-01	6.427757e+00
7.007193e-01	6.448152e+00
7.015115e-01	6.466314e+00
7.023036e-01	6.484511e+00
7.030958e-01	6.502745e+00
7.038880e-01	6.521015e+00
7.046802e-01	6.539321e+00
7.054723e-01	6.557665e+00
7.062645e-01	6.576045e+00
7.070567e-01	6.594462e+00
7.078806e-01	6.613659e+00
7.087046e-01	6.632896e+00
7.095286e-01	6.652175e+00
7.103525e-01	6.671495e+00
7.111765e-01	6.690857e+00
7.120005e-01	6.710261e+00
7.128244e-01	6.729707e+00
7.136484e-01	6.749196e+00
7.145328e-01	6.770163e+00
7.154172e-01	6.791179e+00
7.163016e-01	6.812245e+00
7.171860e-01	6.833362e+00
7.180704e-01	6.854530e+00
7.189548e-01	6.875750e+00
7.198392e-01	6.897021e+00
7.207236e-01	6.918345e+00
7.215887e-01	6.939254e+00
7.224538e-01	6.960213e+00
7.233189e-01	6.981224e+00
7.241839e-01	7.002286e+00
7.250490e-01	7.023400e+00
7.259141e-01	7.044566e+00
7.267792e-01	7.065785e+00
7.276443e-01	7.087057e+00
7.284857e-01	7.107798e+00
7.293272e-01	7.128590e+00
7.301686e-01	7.149433e+00
7.310101e-01	7.170328e+00
7.318515e-01	7.191274e+00
7.326930e-01	7.212272e+00
7.335344e-01	7.233322e+00
7.343759e-01	7.254425e+00
7.351459e-01	7.273784e+00
7.359160e-01	7.293188e+00
7.366860e-01	7.312637e+00
7.374561e-01	7.332131e+00
7.382262e-01	7.351670e+00
7.389962e-01	7.371255e+00
7.397663e-01	7.390885e+00
7.405364e-01	7.410562e+00
7.413920e-01	7.432478e+00
7.422476e-01	7.454452e+00
7.431032e-01	7.476484e+00
7.439588e-01	7.498573e+00
7.448144e-01	7.520721e+00
7.456700e-01	7.542928e+00
7.465256e-01	7.565193e+00
7.473811e-01	7.587518e+00
7.482515e-01	7.610287e+00
7.491218e-01	7.633118e+00
7.499921e-01	7.656010e+00
7.508624e-01	7.678965e+00
7.517327e-01	7.701982e+00
7.526030e-01	7.725061e+00
7.534733e-01	7.748203e+00
7.543436e-01	7.771407e+00
7.551959e-01	7.794191e+00
7.560481e-01	7.817036e+00
7.569004e-01	7.839941e+00
7.577526e-01	7.862907e+00
7.586049e-01	7.885933e+00
7.594571e-01	7.909021e+00
7.603093e-01	7.932169e+00
7.611616e-01	7.955379e+00
7.619291e-01	7.976334e+00
7.626967e-01	7.997339e+00
7.634642e-01	8.018393e+00
7.642318e-01	8.039496e+00
7.649993e-01	8.060650e+00
7.657669e-01	8.081852e+00
7.665344e-01	8.103104e+00
7.673019e-01	8.124405e+00
7.681555e-01	8.148151e+00
7.690090e-01	8.171958e+00
7.698626e-01	8.195825e+00
7.707161e-01	8.219753e+00
7.715697e-01	8.243741e+00
7.724232e-01	8.267789e+00
7.732768e-01	8.291897e+00
7.741303e-01	8.316064e+00
7.749417e-01	8.339093e+00
7.757532e-01	8.362176e+00
7.765646e-01	8.385311e+00
7.773761e-01	8.408498e+00
7.781875e-01	8.431737e+00
7.789989e-01	8.455028e+00
7.798104e-01	8.478369e+00
7.806218e-01	8.501761e+00
7.815007e-01	8.527155e+00
7.823797e-01	8.552608e+00
7.832586e-01	8.578117e+00
7.841375e-01	8.603683e+00
7.850164e-01	8.629305e+00
7.858954e-01	8.654981e+00
7.867743e-01	8.680710e+00
7.876532e-01	8.706493e+00
7.884390e-01	8.729587e+00
7.892248e-01	8.752722e+00
7.900106e-01	8.775896e+00
7.907964e-01	8.799109e+00
7.915822e-01	8.822359e+00
7.923680e-01	8.845647e+00
7.931538e-01	8.868970e+00
7.939396e-01	8.892328e+00
7.947776e-01	8.917275e+00
7.956155e-01	8.942258e+00
7.964535e-01	8.967277e+00
7.972914e-01	8.992330e+00
7.981294e-01	9.017416e+00
7.989673e-01	9.042533e+00
7.998053e-01	9.067679e+00
8.006433e-01	9.092852e+00
8.015433e-01	9.119919e+00
8.024433e-01	9.147012e+00
8.033433e-01	9.174131e+00
8.042434e-01	9.201272e+00
8.051434e-01	9.228433e+00
8.060434e-01	9.255611e+00
8.078435e-01	9.310007e+00
8.094747e-01	9.359330e+00
8.111059e-01	9.408662e+00
8.127371e-01	9.457982e+00
8.143683e-01	9.507268e+00
8.151952e-01	9.532231e+00
8.160221e-01	9.557177e+00
8.168489e-01	9.582102e+00
8.176758e-01	9.607003e+00
8.185027e-01	9.631876e+00
8.193295e-01	9.656719e+00
8.201564e-01	9.681528e+00
8.209833e-01	9.706298e+00
8.218469e-01	9.732127e+00
8.227106e-01	9.757905e+00
8.235743e-01	9.783654e+00
8.244380e-01	9.809319e+00
8.253017e-01	9.834921e+00
8.261653e-01	9.860454e+00
8.270290e-01	9.885913e+00
8.278927e-01	9.911294e+00
8.287522e-01	9.936470e+00
8.296117e-01	9.961557e+00
8.304712e-01	9.986550e+00
8.313307e-01	1.001144e+01
8.317604e-01	1.002385e+01
8.321902e-01	1.003623e+01
8.326199e-01	1.004859e+01
8.330497e-01	1.006091e+01
8.334794e-01	1.007321e+01
8.339092e-01	1.008548e+01
8.343389e-01	1.009771e+01
8.347687e-01	1.010992e+01
8.351675e-01	1.012122e+01
8.355663e-01	1.013249e+01
8.359651e-01	1.014373e+01
8.363639e-01	1.015494e+01
8.371615e-01	1.017727e+01
8.375603e-01	1.018839e+01
8.379591e-01	1.019947e+01
8.383579e-01	1.021053e+01
8.387567e-01	1.022155e+01
8.391555e-01	1.023254e+01
8.395543e-01	1.024349e+01
8.399531e-01	1.025441e+01
8.403519e-01	1.026529e+01
8.407507e-01	1.027613e+01
8.411495e-01	1.028694e+01
8.415853e-01	1.029871e+01
8.420211e-01	1.031043e+01
8.424569e-01	1.032210e+01
8.428926e-01	1.033373e+01
8.433284e-01	1.034530e+01
8.437642e-01	1.035683e+01
8.442000e-01	1.036831e+01
8.446358e-01	1.037973e+01
8.450716e-01	1.039110e+01
8.455074e-01	1.040242e+01
8.459432e-01	1.041368e+01
8.463790e-01	1.042489e+01
8.468148e-01	1.043604e+01
8.472506e-01	1.044713e+01
8.476864e-01	1.045817e+01
8.481221e-01	1.046915e+01
8.485087e-01	1.047883e+01
8.488953e-01	1.048847e+01
8.492819e-01	1.049806e+01
8.496685e-01	1.050760e+01
8.500551e-01	1.051709e+01
8.504417e-01	1.052653e+01
8.508283e-01	1.053592e+01
8.512149e-01	1.054525e+01
8.516015e-01	1.055453e+01
8.519881e-01	1.056376e+01
8.523747e-01	1.057293e+01
8.527613e-01	1.058205e+01
8.531479e-01	1.059112e+01
8.535344e-01	1.060012e+01
8.539210e-01	1.060907e+01
8.543076e-01	1.061796e+01
8.547209e-01	1.062740e+01
8.551342e-01	1.063677e+01
8.555475e-01	1.064607e+01
8.559607e-01	1.065531e+01
8.563740e-01	1.066447e+01
8.567873e-01	1.067356e+01
8.572005e-01	1.068258e+01
8.576138e-01	1.069152e+01
8.580271e-01	1.070040e+01
8.584404e-01	1.070919e+01
8.588536e-01	1.071791e+01
8.592669e-01	1.072656e+01
8.596802e-01	1.073512e+01
8.600935e-01	1.074361e+01
8.605067e-01	1.075202e+01
8.609200e-01	1.076035e+01
8.613775e-01	1.076948e+01
8.618350e-01	1.077850e+01
8.620638e-01	1.078298e+01
8.622925e-01	1.078742e+01
8.625213e-01	1.079185e+01
8.627500e-01	1.079625e+01
8.632075e-01	1.080496e+01
8.636651e-01	1.081357e+01
8.638938e-01	1.081784e+01
8.641226e-01	1.082208e+01
8.645801e-01	1.083048e+01
8.648088e-01	1.083464e+01
8.650376e-01	1.083877e+01
8.652663e-01	1.084287e+01
8.654951e-01	1.084695e+01
8.657238e-01	1.085100e+01
8.659526e-01	1.085502e+01
8.661813e-01	1.085901e+01
8.664101e-01	1.086298e+01
8.666388e-01	1.086691e+01
8.668676e-01	1.087082e+01
8.670964e-01	1.087470e+01
8.673251e-01	1.087855e+01
8.675539e-01	1.088238e+01
8.677826e-01	1.088617e+01
8.680114e-01	1.088993e+01
8.682401e-01	1.089367e+01
8.684467e-01	1.089702e+01
8.686533e-01	1.090034e+01
8.690664e-01	1.090692e+01
8.692730e-01	1.091017e+01
8.694796e-01	1.091340e+01
8.696861e-01	1.091660e+01
8.698927e-01	1.091978e+01
8.700993e-01	1.092293e+01
8.703059e-01	1.092606e+01
8.705124e-01	1.092916e+01
8.707190e-01	1.093224e+01
8.709256e-01	1.093529e+01
8.711321e-01	1.093832e+01
8.713387e-01	1.094133e+01
8.715453e-01	1.094430e+01
8.717519e-01	1.094726e+01
8.719584e-01	1.095018e+01
8.721650e-01	1.095309e+01
8.723716e-01	1.095596e+01
8.725781e-01	1.095881e+01
8.727847e-01	1.096164e+01
8.729913e-01	1.096443e+01
8.731979e-01	1.096721e+01
8.734044e-01	1.096995e+01
8.736110e-01	1.097267e+01
8.738176e-01	1.097537e+01
8.740242e-01	1.097803e+01
8.742307e-01	1.098067e+01
8.744373e-01	1.098329e+01
8.746439e-01	1.098588e+01
8.748504e-01	1.098844e+01
8.750511e-01	1.099090e+01
8.752518e-01	1.099334e+01
8.754525e-01	1.099575e+01
8.756532e-01	1.099813e+01
8.758538e-01	1.100049e+01
8.760545e-01	1.100283e+01
8.762552e-01	1.100514e+01
8.764559e-01	1.100742e+01
8.766566e-01	1.100968e+01
8.768572e-01	1.101191e+01
8.770579e-01	1.101411e+01
8.772586e-01	1.101629e+01
8.774593e-01	1.101845e+01
8.776600e-01	1.102057e+01
8.778606e-01	1.102268e+01
8.780613e-01	1.102475e+01
8.782620e-01	1.102680e+01
8.784627e-01	1.102882e+01
8.786633e-01	1.103081e+01
8.788640e-01	1.103278e+01
8.790647e-01	1.103473e+01
8.792654e-01	1.103664e+01
8.794661e-01	1.103853e+01
8.796667e-01	1.104039e+01
8.798674e-01	1.104223e+01
8.800681e-01	1.104403e+01
8.802688e-01	1.104581e+01
8.804695e-01	1.104757e+01
8.806701e-01	1.104929e+01
8.808708e-01	1.105099e+01
8.810715e-01	1.105267e+01
8.812722e-01	1.105431e+01
8.814724e-01	1.105592e+01
8.816725e-01	1.105751e+01
8.818727e-01	1.105907e+01
8.820729e-01	1.106060e+01
8.822731e-01	1.106211e+01
8.824733e-01	1.106358e+01
8.826735e-01	1.106503e+01
8.828737e-01	1.106645e+01
8.830739e-01	1.106785e+01
8.832741e-01	1.106922e+01
8.834742e-01	1.107055e+01
8.836744e-01	1.107187e+01
8.838746e-01	1.107315e+01
8.840748e-01	1.107440e+01
8.842750e-01	1.107563e+01
8.844752e-01	1.107683e+01
8.846754e-01	1.107800e+01
8.848756e-01	1.107915e+01
8.850757e-01	1.108026e+01
8.852759e-01	1.108135e+01
8.854761e-01	1.108241e+01
8.856763e-01	1.108344e+01
8.858765e-01	1.108445e+01
8.860767e-01	1.108542e+01
8.862769e-01	1.108637e+01
8.864771e-01	1.108729e+01
8.866773e-01	1.108818e+01
8.868774e-01	1.108904e+01
8.870776e-01	1.108987e+01
8.872778e-01	1.109068e+01
8.874780e-01	1.109146e+01
8.876782e-01	1.109220e+01
8.878928e-01	1.109298e+01
8.881074e-01	1.109371e+01
8.883220e-01	1.109442e+01
8.885366e-01	1.109509e+01
8.887512e-01	1.109573e+01
8.889658e-01	1.109634e+01
8.891803e-01	1.109691e+01
8.893949e-01	1.109745e+01
8.896095e-01	1.109796e+01
8.898241e-01	1.109843e+01
8.900387e-01	1.109888e+01
8.902533e-01	1.109929e+01
8.904679e-01	1.109966e+01
8.906825e-01	1.110000e+01
8.908971e-01	1.110031e+01
8.911117e-01	1.110059e+01
8.913263e-01	1.110084e+01
8.915409e-01	1.110105e+01
8.917555e-01	1.110122e+01
8.919701e-01	1.110137e+01
8.921847e-01	1.110148e+01
8.923993e-01	1.110156e+01
8.926138e-01	1.110160e+01
8.928284e-01	1.110161e+01
8.930430e-01	1.110159e+01
8.932576e-01	1.110154e+01
8.934722e-01	1.110145e+01
8.936868e-01	1.110133e+01
8.939014e-01	1.110117e+01
8.941160e-01	1.110099e+01
8.943306e-01	1.110077e+01
8.945452e-01	1.110051e+01
8.947665e-01	1.110022e+01
8.949878e-01	1.109988e+01
8.952091e-01	1.109952e+01
8.954304e-01	1.109911e+01
8.956517e-01	1.109868e+01
8.958730e-01	1.109820e+01
8.960943e-01	1.109770e+01
8.963156e-01	1.109715e+01
8.965369e-01	1.109657e+01
8.967582e-01	1.109596e+01
8.969795e-01	1.109531e+01
8.972008e-01	1.109463e+01
8.974221e-01	1.109391e+01
8.976434e-01	1.109316e+01
8.978647e-01	1.109237e+01
8.980860e-01	1.109154e+01
8.983073e-01	1.109068e+01
8.985286e-01	1.108979e+01
8.987499e-01	1.108886e+01
8.989712e-01	1.108790e+01
8.991925e-01	1.108690e+01
8.994138e-01	1.108586e+01
8.996351e-01	1.108480e+01
8.998564e-01	1.108369e+01
9.000777e-01	1.108256e+01
9.002990e-01	1.108138e+01
9.005203e-01	1.108018e+01
9.007416e-01	1.107893e+01
9.009630e-01	1.107766e+01
9.011843e-01	1.107635e+01
9.014056e-01	1.107500e+01
9.016269e-01	1.107362e+01
9.018299e-01	1.107232e+01
9.020330e-01	1.107100e+01
9.022361e-01	1.106964e+01
9.024392e-01	1.106826e+01
9.026423e-01	1.106685e+01
9.028454e-01	1.106541e+01
9.030484e-01	1.106394e+01
9.032515e-01	1.106244e+01
9.034546e-01	1.106091e+01
9.036577e-01	1.105936e+01
9.038608e-01	1.105777e+01
9.040639e-01	1.105616e+01
9.042670e-01	1.105452e+01
9.044700e-01	1.105285e+01
9.046731e-01	1.105115e+01
9.048762e-01	1.104942e+01
9.050793e-01	1.104767e+01
9.052824e-01	1.104589e+01
9.054855e-01	1.104407e+01
9.056885e-01	1.104224e+01
9.058916e-01	1.104037e+01
9.060947e-01	1.103847e+01
9.062978e-01	1.103655e+01
9.065009e-01	1.103460e+01
9.067040e-01	1.103262e+01
9.069070e-01	1.103061e+01
9.071101e-01	1.102858e+01
9.073132e-01	1.102652e+01
9.075163e-01	1.102443e+01
9.077194e-01	1.102231e+01
9.079225e-01	1.102016e+01
9.081256e-01	1.101799e+01
9.083402e-01	1.101567e+01
9.085549e-01	1.101331e+01
9.087695e-01	1.101092e+01
9.089842e-01	1.100851e+01
9.091988e-01	1.100606e+01
9.094135e-01	1.100358e+01
9.096281e-01	1.100107e+01
9.098428e-01	1.099853e+01
9.100574e-01	1.099597e+01
9.102721e-01	1.099337e+01
9.104867e-01	1.099074e+01
9.107014e-01	1.098809e+01
9.109160e-01	1.098540e+01
9.111307e-01	1.098268e+01
9.113453e-01	1.097994e+01
9.115600e-01	1.097716e+01
9.117746e-01	1.097436e+01
9.119893e-01	1.097152e+01
9.122039e-01	1.096866e+01
9.124186e-01	1.096577e+01
9.126332e-01	1.096285e+01
9.128479e-01	1.095990e+01
9.130625e-01	1.095692e+01
9.132772e-01	1.095392e+01
9.134918e-01	1.095088e+01
9.137065e-01	1.094782e+01
9.139211e-01	1.094472e+01
9.141358e-01	1.094160e+01
9.143504e-01	1.093846e+01
9.145651e-01	1.093528e+01
9.147797e-01	1.093208e+01
9.149944e-01	1.092884e+01
9.153698e-01	1.092312e+01
9.155576e-01	1.092023e+01
9.157453e-01	1.091732e+01
9.161208e-01	1.091143e+01
9.164962e-01	1.090546e+01
9.168717e-01	1.089940e+01
9.172471e-01	1.089327e+01
9.176226e-01	1.088705e+01
9.179980e-01	1.088075e+01
9.183735e-01	1.087437e+01
9.187489e-01	1.086791e+01
9.191244e-01	1.086137e+01
9.194998e-01	1.085476e+01
9.198753e-01	1.084806e+01
9.202507e-01	1.084129e+01
9.206262e-01	1.083444e+01
9.210016e-01	1.082751e+01
9.212218e-01	1.082341e+01
9.214421e-01	1.081929e+01
9.216623e-01	1.081514e+01
9.218825e-01	1.081096e+01
9.223229e-01	1.080254e+01
9.227634e-01	1.079401e+01
9.229836e-01	1.078971e+01
9.232038e-01	1.078538e+01
9.236442e-01	1.077666e+01
9.240846e-01	1.076783e+01
9.245251e-01	1.075891e+01
9.249655e-01	1.074989e+01
9.254059e-01	1.074078e+01
9.258464e-01	1.073157e+01
9.262868e-01	1.072227e+01
9.267272e-01	1.071288e+01
9.271677e-01	1.070340e+01
9.276081e-01	1.069382e+01
9.280485e-01	1.068416e+01
9.284745e-01	1.067474e+01
9.289005e-01	1.066523e+01
9.293265e-01	1.065564e+01
9.297524e-01	1.064597e+01
9.301784e-01	1.063623e+01
9.306044e-01	1.062640e+01
9.310304e-01	1.061650e+01
9.314564e-01	1.060653e+01
9.318824e-01	1.059648e+01
9.323084e-01	1.058636e+01
9.327343e-01	1.057617e+01
9.331603e-01	1.056590e+01
9.335863e-01	1.055557e+01
9.340123e-01	1.054516e+01
9.344383e-01	1.053469e+01
9.348643e-01	1.052415e+01
9.352626e-01	1.051423e+01
9.356609e-01	1.050426e+01
9.360593e-01	1.049422e+01
9.364576e-01	1.048414e+01
9.368559e-01	1.047400e+01
9.372543e-01	1.046380e+01
9.376526e-01	1.045355e+01
9.380509e-01	1.044325e+01
9.384493e-01	1.043289e+01
9.388476e-01	1.042249e+01
9.392460e-01	1.041203e+01
9.396443e-01	1.040152e+01
9.400426e-01	1.039097e+01
9.404410e-01	1.038037e+01
9.408393e-01	1.036972e+01
9.412376e-01	1.035902e+01
9.416627e-01	1.034755e+01
9.420877e-01	1.033604e+01
9.425128e-01	1.032447e+01
9.429378e-01	1.031285e+01
9.433628e-01	1.030119e+01
9.437879e-01	1.028947e+01
9.442129e-01	1.027771e+01
9.446379e-01	1.026591e+01
9.450630e-01	1.025406e+01
9.454880e-01	1.024216e+01
9.459130e-01	1.023022e+01
9.463381e-01	1.021824e+01
9.467631e-01	1.020622e+01
9.471882e-01	1.019415e+01
9.476132e-01	1.018205e+01
9.480382e-01	1.016990e+01
9.484456e-01	1.015822e+01
9.488529e-01	1.014651e+01
9.492603e-01	1.013477e+01
9.496677e-01	1.012299e+01
9.500750e-01	1.011118e+01
9.504824e-01	1.009934e+01
9.508897e-01	1.008746e+01
9.512971e-01	1.007556e+01
9.521118e-01	1.005166e+01
9.529265e-01	1.002765e+01
9.533339e-01	1.001560e+01
9.537413e-01	1.000353e+01
9.545560e-01	9.979303e+00
9.554092e-01	9.953829e+00
9.562624e-01	9.928252e+00
9.571155e-01	9.902579e+00
9.579687e-01	9.876814e+00
9.588219e-01	9.850962e+00
9.596751e-01	9.825030e+00
9.605283e-01	9.799022e+00
9.613814e-01	9.772942e+00
9.622095e-01	9.747569e+00
9.630375e-01	9.722138e+00
9.638656e-01	9.696654e+00
9.646936e-01	9.671120e+00
9.655217e-01	9.645542e+00
9.663497e-01	9.619923e+00
9.671777e-01	9.594266e+00
9.680058e-01	9.568576e+00
9.688924e-01	9.541036e+00
9.697790e-01	9.513466e+00
9.706656e-01	9.485871e+00
9.715522e-01	9.458254e+00
9.733254e-01	9.402974e+00
9.750986e-01	9.347656e+00
9.768096e-01	9.294270e+00
9.785206e-01	9.240898e+00
9.802316e-01	9.187566e+00
9.819426e-01	9.134294e+00
9.827452e-01	9.109331e+00
9.835478e-01	9.084388e+00
9.843504e-01	9.059467e+00
9.851529e-01	9.034569e+00
9.859555e-01	9.009696e+00
9.867581e-01	8.984849e+00
9.875607e-01	8.960031e+00
9.883633e-01	8.935243e+00
9.891607e-01	8.910649e+00
9.899580e-01	8.886087e+00
9.907553e-01	8.861559e+00
9.915527e-01	8.837067e+00
9.923500e-01	8.812611e+00
9.931473e-01	8.788193e+00
9.939447e-01	8.763813e+00
9.947420e-01	8.739474e+00
9.956111e-01	8.712991e+00
9.964802e-01	8.686559e+00
9.973493e-01	8.660178e+00
9.982183e-01	8.633850e+00
9.990874e-01	8.607576e+00
9.999565e-01	8.581357e+00
1.000826e+00	8.555194e+00
1.001695e+00	8.529088e+00
1.002516e+00	8.504462e+00
1.003338e+00	8.479887e+00
1.004160e+00	8.455366e+00
1.004981e+00	8.430899e+00
1.005803e+00	8.406487e+00
1.006624e+00	8.382130e+00
1.007446e+00	8.357829e+00
1.008268e+00	8.333584e+00
1.009145e+00	8.307760e+00
1.010022e+00	8.282002e+00
1.010899e+00	8.256310e+00
1.011777e+00	8.230684e+00
1.012654e+00	8.205125e+00
1.013531e+00	8.179633e+00
1.014408e+00	8.154208e+00
1.015286e+00	8.128852e+00
1.016138e+00	8.104286e+00
1.016990e+00	8.079785e+00
1.017842e+00	8.055349e+00
1.018694e+00	8.030978e+00
1.019546e+00	8.006672e+00
1.020398e+00	7.982431e+00
1.021251e+00	7.958255e+00
1.022103e+00	7.934145e+00
1.022893e+00	7.911852e+00
1.023683e+00	7.889615e+00
1.024473e+00	7.867435e+00
1.025263e+00	7.845311e+00
1.026052e+00	7.823243e+00
1.026842e+00	7.801232e+00
1.027632e+00	7.779277e+00
1.028422e+00	7.757378e+00
1.029272e+00	7.733893e+00
1.030121e+00	7.710474e+00
1.030971e+00	7.687119e+00
1.031820e+00	7.663829e+00
1.032669e+00	7.640603e+00
1.033519e+00	7.617442e+00
1.034368e+00	7.594344e+00
1.035218e+00	7.571311e+00
1.036036e+00	7.549185e+00
1.036854e+00	7.527118e+00
1.037672e+00	7.505110e+00
1.038490e+00	7.483160e+00
1.039308e+00	7.461268e+00
1.040127e+00	7.439435e+00
1.040945e+00	7.417659e+00
1.041763e+00	7.395942e+00
1.042558e+00	7.374882e+00
1.043354e+00	7.353877e+00
1.044149e+00	7.332926e+00
1.044944e+00	7.312028e+00
1.045740e+00	7.291184e+00
1.046535e+00	7.270393e+00
1.047331e+00	7.249654e+00
1.048126e+00	7.228968e+00
1.049022e+00	7.205726e+00
1.049918e+00	7.182550e+00
1.050815e+00	7.159439e+00
1.051711e+00	7.136394e+00
1.052607e+00	7.113413e+00
1.053503e+00	7.090497e+00
1.054399e+00	7.067645e+00
1.055295e+00	7.044857e+00
1.056065e+00	7.025319e+00
1.056836e+00	7.005827e+00
1.057606e+00	6.986382e+00
1.058376e+00	6.966982e+00
1.059147e+00	6.947629e+00
1.059917e+00	6.928320e+00
1.060687e+00	6.909057e+00
1.061457e+00	6.889838e+00
1.062394e+00	6.866521e+00
1.063331e+00	6.843269e+00
1.064268e+00	6.820082e+00
1.065205e+00	6.796959e+00
1.066142e+00	6.773901e+00
1.067079e+00	6.750906e+00
1.068016e+00	6.727974e+00
1.068953e+00	6.705104e+00
1.069701e+00	6.686900e+00
1.070448e+00	6.668735e+00
1.071196e+00	6.650609e+00
1.071944e+00	6.632522e+00
1.072691e+00	6.614473e+00
1.073439e+00	6.596463e+00
1.074187e+00	6.578491e+00
1.074934e+00	6.560556e+00
1.075857e+00	6.538479e+00
1.076779e+00	6.516458e+00
1.077702e+00	6.494493e+00
1.078624e+00	6.472585e+00
1.079547e+00	6.450731e+00
1.080469e+00	6.428933e+00
1.081392e+00	6.407189e+00
1.082315e+00	6.385499e+00
1.083065e+00	6.367901e+00
1.083815e+00	6.350339e+00
1.084565e+00	6.332811e+00
1.085315e+00	6.315318e+00
1.086065e+00	6.297860e+00
1.086815e+00	6.280436e+00
1.087566e+00	6.263046e+00
1.088316e+00	6.245689e+00
1.089169e+00	6.225994e+00
1.090022e+00	6.206343e+00
1.090875e+00	6.186733e+00
1.091728e+00	6.167167e+00
1.092581e+00	6.147643e+00
1.093434e+00	6.128160e+00
1.094287e+00	6.108720e+00
1.095140e+00	6.089320e+00
1.095963e+00	6.070650e+00
1.096785e+00	6.052017e+00
1.097608e+00	6.033423e+00
1.098431e+00	6.014865e+00
1.099253e+00	5.996345e+00
1.100076e+00	5.977861e+00
1.100899e+00	5.959415e+00
1.101721e+00	5.941004e+00
1.102626e+00	5.920790e+00
1.103532e+00	5.900619e+00
1.104437e+00	5.880492e+00
1.105342e+00	5.860407e+00
1.106247e+00	5.840365e+00
1.107152e+00	5.820365e+00
1.108057e+00	5.800407e+00
1.108963e+00	5.780490e+00
1.109745e+00	5.763308e+00
1.110527e+00	5.746157e+00
1.111310e+00	5.729036e+00
1.112092e+00	5.711946e+00
1.112875e+00	5.694886e+00
1.113657e+00	5.677856e+00
1.114439e+00	5.660855e+00
1.115222e+00	5.643885e+00
1.116057e+00	5.625806e+00
1.116892e+00	5.607761e+00
1.117727e+00	5.589749e+00
1.118562e+00	5.571770e+00
1.119397e+00	5.553824e+00
1.120232e+00	5.535910e+00
1.121067e+00	5.518030e+00
1.121902e+00	5.500181e+00
1.122801e+00	5.481002e+00
1.123700e+00	5.461859e+00
1.124599e+00	5.442754e+00
1.125498e+00	5.423685e+00
1.126397e+00	5.404653e+00
1.127296e+00	5.385657e+00
1.128195e+00	5.366698e+00
1.129094e+00	5.347775e+00
1.129873e+00	5.331413e+00
1.130652e+00	5.315079e+00
1.131430e+00	5.298771e+00
1.132209e+00	5.282490e+00
1.132988e+00	5.266235e+00
1.133766e+00	5.250007e+00
1.134545e+00	5.233805e+00
1.135324e+00	5.217629e+00
1.136172e+00	5.200043e+00
1.137020e+00	5.182487e+00
1.137868e+00	5.164963e+00
1.138716e+00	5.147469e+00
1.139564e+00	5.130005e+00
1.140412e+00	5.112572e+00
1.141260e+00	5.095170e+00
1.142108e+00	5.077798e+00
1.142966e+00	5.060265e+00
1.143823e+00	5.042763e+00
1.144680e+00	5.025292e+00
1.145538e+00	5.007852e+00
1.146395e+00	4.990442e+00
1.147252e+00	4.973063e+00
1.148110e+00	4.955713e+00
1.148967e+00	4.938395e+00
1.149809e+00	4.921423e+00
1.150650e+00	4.904480e+00
1.151492e+00	4.887567e+00
1.152334e+00	4.870682e+00
1.153175e+00	4.853826e+00
1.154017e+00	4.836999e+00
1.154858e+00	4.820201e+00
1.155700e+00	4.803431e+00
1.156549e+00	4.786539e+00
1.157399e+00	4.769677e+00
1.158248e+00	4.752843e+00
1.159097e+00	4.736038e+00
1.159946e+00	4.719263e+00
1.160796e+00	4.702517e+00
1.161645e+00	4.685799e+00
1.162494e+00	4.669111e+00
1.163282e+00	4.653648e+00
1.164071e+00	4.638210e+00
1.164859e+00	4.622797e+00
1.165647e+00	4.607408e+00
1.166435e+00	4.592045e+00
1.167223e+00	4.576707e+00
1.168012e+00	4.561393e+00
1.168800e+00	4.546104e+00
1.169621e+00	4.530202e+00
1.170442e+00	4.514326e+00
1.171263e+00	4.498478e+00
1.172085e+00	4.482656e+00
1.172906e+00	4.466862e+00
1.173727e+00	4.451094e+00
1.174548e+00	4.435353e+00
1.175370e+00	4.419640e+00
1.176280e+00	4.402247e+00
1.177191e+00	4.384888e+00
1.178101e+00	4.367561e+00
1.179012e+00	4.350268e+00
1.179922e+00	4.333008e+00
1.180833e+00	4.315782e+00
1.181744e+00	4.298589e+00
1.182654e+00	4.281428e+00
1.183494e+00	4.265630e+00
1.184334e+00	4.249860e+00
1.185174e+00	4.234119e+00
1.186014e+00	4.218405e+00
1.186854e+00	4.202721e+00
1.187694e+00	4.187064e+00
1.188534e+00	4.171436e+00
1.189374e+00	4.155837e+00
1.190156e+00	4.141328e+00
1.190939e+00	4.126844e+00
1.191721e+00	4.112384e+00
1.192504e+00	4.097949e+00
1.193286e+00	4.083540e+00
1.194069e+00	4.069155e+00
1.194852e+00	4.054795e+00
1.195634e+00	4.040460e+00
1.196500e+00	4.024631e+00
1.197366e+00	4.008834e+00
1.198231e+00	3.993067e+00
1.199097e+00	3.977331e+00
1.199963e+00	3.961625e+00
1.200828e+00	3.945951e+00
1.201694e+00	3.930307e+00
1.202560e+00	3.914694e+00
1.203324e+00	3.900928e+00
1.204089e+00	3.887187e+00
1.204854e+00	3.873470e+00
1.205618e+00	3.859777e+00
1.206383e+00	3.846109e+00
1.207148e+00	3.832464e+00
1.207912e+00	3.818844e+00
1.208677e+00	3.805249e+00
1.209519e+00	3.790305e+00
1.210361e+00	3.775391e+00
1.211203e+00	3.760506e+00
1.212045e+00	3.745651e+00
1.212887e+00	3.730826e+00
1.213729e+00	3.716030e+00
1.214571e+00	3.701265e+00
1.215413e+00	3.686529e+00
1.216259e+00	3.671754e+00
1.217105e+00	3.657009e+00
1.217951e+00	3.642295e+00
1.218797e+00	3.627611e+00
1.219643e+00	3.612957e+00
1.220489e+00	3.598333e+00
1.221335e+00	3.583740e+00
1.222181e+00	3.569178e+00
1.223050e+00	3.554265e+00
1.223918e+00	3.539385e+00
1.224786e+00	3.524537e+00
1.225654e+00	3.509721e+00
1.226522e+00	3.494938e+00
1.227390e+00	3.480187e+00
1.228259e+00	3.465468e+00
1.229127e+00	3.450782e+00
1.229919e+00	3.437408e+00
1.230711e+00	3.424062e+00
1.231503e+00	3.410743e+00
1.232296e+00	3.397451e+00
1.233088e+00	3.384186e+00
1.233880e+00	3.370948e+00
1.234672e+00	3.357738e+00
1.235465e+00	3.344555e+00
1.236366e+00	3.329590e+00
1.237267e+00	3.314661e+00
1.238169e+00	3.299768e+00
1.239070e+00	3.284910e+00
1.239971e+00	3.270087e+00
1.240872e+00	3.255300e+00
1.241774e+00	3.240549e+00
1.242675e+00	3.225833e+00
1.243494e+00	3.212494e+00
1.244313e+00	3.199185e+00
1.245132e+00	3.185905e+00
1.245950e+00	3.172654e+00
1.246769e+00	3.159433e+00
1.247588e+00	3.146241e+00
1.248407e+00	3.133080e+00
1.249226e+00	3.119948e+00
1.250074e+00	3.106373e+00
1.250923e+00	3.092830e+00
1.251771e+00	3.079320e+00
1.252620e+00	3.065841e+00
1.253468e+00	3.052394e+00
1.254316e+00	3.038979e+00
1.255165e+00	3.025596e+00
1.256013e+00	3.012245e+00
1.256824e+00	2.999524e+00
1.257634e+00	2.986832e+00
1.258444e+00	2.974169e+00
1.259254e+00	2.961535e+00
1.260065e+00	2.948931e+00
1.260875e+00	2.936356e+00
1.261685e+00	2.923810e+00
1.262496e+00	2.911294e+00
1.263354e+00	2.898070e+00
1.264212e+00	2.884880e+00
1.265070e+00	2.871723e+00
1.265928e+00	2.858598e+00
1.266786e+00	2.845506e+00
1.267644e+00	2.832447e+00
1.268503e+00	2.819421e+00
1.269361e+00	2.806428e+00
1.270207e+00	2.793649e+00
1.271053e+00	2.780902e+00
1.271899e+00	2.768187e+00
1.272745e+00	2.755504e+00
1.273591e+00	2.742853e+00
1.274437e+00	2.730234e+00
1.275284e+00	2.717647e+00
1.276130e+00	2.705092e+00
1.276927e+00	2.693294e+00
1.277724e+00	2.681524e+00
1.278521e+00	2.669783e+00
1.279318e+00	2.658070e+00
1.280115e+00	2.646386e+00
1.280912e+00	2.634730e+00
1.281709e+00	2.623102e+00
1.282506e+00	2.611503e+00
1.283305e+00	2.599908e+00
1.284104e+00	2.588341e+00
1.284903e+00	2.576803e+00
1.285701e+00	2.565294e+00
1.286500e+00	2.553812e+00
1.287299e+00	2.542359e+00
1.288097e+00	2.530935e+00
1.288896e+00	2.519539e+00
1.289331e+00	2.513341e+00
1.289767e+00	2.507152e+00
1.290202e+00	2.500971e+00
1.290637e+00	2.494798e+00
1.291507e+00	2.482478e+00
1.292378e+00	2.470192e+00
1.292813e+00	2.464061e+00
1.293248e+00	2.457939e+00
1.293683e+00	2.451825e+00
1.294119e+00	2.445719e+00
1.294989e+00	2.433534e+00
1.295424e+00	2.427453e+00
1.295860e+00	2.421381e+00
1.296706e+00	2.409593e+00
1.297553e+00	2.397837e+00
1.298399e+00	2.386112e+00
1.299246e+00	2.374419e+00
1.300093e+00	2.362757e+00
1.300939e+00	2.351127e+00
1.301786e+00	2.339528e+00
1.302632e+00	2.327960e+00
1.303448e+00	2.316850e+00
1.304263e+00	2.305769e+00
1.305078e+00	2.294717e+00
1.305893e+00	2.283694e+00
1.306708e+00	2.272700e+00
1.307524e+00	2.261735e+00
1.308339e+00	2.250798e+00
1.309154e+00	2.239890e+00
1.309981e+00	2.228857e+00
1.310808e+00	2.217853e+00
1.311635e+00	2.206878e+00
1.312461e+00	2.195933e+00
1.313288e+00	2.185018e+00
1.314115e+00	2.174131e+00
1.314942e+00	2.163274e+00
1.315769e+00	2.152445e+00
1.316215e+00	2.146616e+00
1.316661e+00	2.140795e+00
1.317107e+00	2.134982e+00
1.317553e+00	2.129177e+00
1.318445e+00	2.117594e+00
1.319337e+00	2.106045e+00
1.319783e+00	2.100282e+00
1.320229e+00	2.094528e+00
1.320675e+00	2.088783e+00
1.321121e+00	2.083046e+00
1.322013e+00	2.071597e+00
1.322459e+00	2.065885e+00
1.322905e+00	2.060181e+00
1.323721e+00	2.049766e+00
1.324538e+00	2.039379e+00
1.325354e+00	2.029019e+00
1.326170e+00	2.018688e+00
1.326986e+00	2.008384e+00
1.327802e+00	1.998107e+00
1.328618e+00	1.987858e+00
1.329435e+00	1.977637e+00
1.330244e+00	1.967525e+00
1.331054e+00	1.957441e+00
1.331863e+00	1.947383e+00
1.332673e+00	1.937352e+00
1.333482e+00	1.927348e+00
1.334292e+00	1.917371e+00
1.335101e+00	1.907420e+00
1.335911e+00	1.897495e+00
1.336333e+00	1.892328e+00
1.336756e+00	1.887168e+00
1.337178e+00	1.882016e+00
1.337600e+00	1.876870e+00
1.338445e+00	1.866601e+00
1.339290e+00	1.856359e+00
1.339712e+00	1.851250e+00
1.340134e+00	1.846147e+00
1.340556e+00	1.841051e+00
1.340979e+00	1.835963e+00
1.341823e+00	1.825806e+00
1.342246e+00	1.820739e+00
1.342668e+00	1.815679e+00
1.343508e+00	1.805631e+00
1.343929e+00	1.800618e+00
1.344349e+00	1.795612e+00
1.345189e+00	1.785620e+00
1.346029e+00	1.775655e+00
1.346449e+00	1.770683e+00
1.346869e+00	1.765718e+00
1.347290e+00	1.760760e+00
1.347710e+00	1.755809e+00
1.348550e+00	1.745926e+00
1.348970e+00	1.740996e+00
1.349390e+00	1.736071e+00
1.350207e+00	1.726521e+00
1.351023e+00	1.716996e+00
1.351840e+00	1.707496e+00
1.352656e+00	1.698022e+00
1.353473e+00	1.688573e+00
1.354289e+00	1.679149e+00
1.355106e+00	1.669751e+00
1.355922e+00	1.660377e+00
1.356757e+00	1.650818e+00
1.357592e+00	1.641284e+00
1.358427e+00	1.631777e+00
1.359262e+00	1.622295e+00
1.360097e+00	1.612839e+00
1.360932e+00	1.603408e+00
1.361767e+00	1.594004e+00
1.362602e+00	1.584624e+00
1.363025e+00	1.579882e+00
1.363448e+00	1.575146e+00
1.364294e+00	1.565695e+00
1.364717e+00	1.560979e+00
1.365140e+00	1.556269e+00
1.365563e+00	1.551566e+00
1.365986e+00	1.546869e+00
1.366832e+00	1.537494e+00
1.367678e+00	1.528145e+00
1.368101e+00	1.523480e+00
1.368524e+00	1.518821e+00
1.369370e+00	1.509523e+00
1.370180e+00	1.500634e+00
1.370991e+00	1.491769e+00
1.371802e+00	1.482927e+00
1.372613e+00	1.474107e+00
1.373424e+00	1.465311e+00
1.374235e+00	1.456536e+00
1.375045e+00	1.447785e+00
1.375856e+00	1.439056e+00
1.376304e+00	1.434242e+00
1.376752e+00	1.429434e+00
1.377648e+00	1.419840e+00
1.378096e+00	1.415053e+00
1.378545e+00	1.410273e+00
1.378993e+00	1.405499e+00
1.379441e+00	1.400733e+00
1.380337e+00	1.391219e+00
1.381233e+00	1.381732e+00
1.381681e+00	1.376999e+00
1.382129e+00	1.372272e+00
1.382577e+00	1.367552e+00
1.383025e+00	1.362838e+00
1.383820e+00	1.354489e+00
1.384616e+00	1.346160e+00
1.385411e+00	1.337852e+00
1.386206e+00	1.329564e+00
1.387001e+00	1.321297e+00
1.387796e+00	1.313050e+00
1.388592e+00	1.304822e+00
1.389387e+00	1.296615e+00
1.390214e+00	1.288098e+00
1.391041e+00	1.279602e+00
1.391869e+00	1.271127e+00
1.392696e+00	1.262674e+00
1.393523e+00	1.254242e+00
1.394351e+00	1.245831e+00
1.395178e+00	1.237441e+00
1.396005e+00	1.229071e+00
1.396454e+00	1.224540e+00
1.396903e+00	1.220015e+00
1.397800e+00	1.210984e+00
1.398249e+00	1.206477e+00
1.398698e+00	1.201976e+00
1.399146e+00	1.197481e+00
1.399595e+00	1.192992e+00
1.400493e+00	1.184033e+00
1.401390e+00	1.175096e+00
1.401839e+00	1.170637e+00
1.402288e+00	1.166184e+00
1.402736e+00	1.161736e+00
1.403185e+00	1.157294e+00
1.404031e+00	1.148941e+00
1.404876e+00	1.140608e+00
1.405722e+00	1.132295e+00
1.406567e+00	1.124003e+00
1.407413e+00	1.115730e+00
1.408258e+00	1.107478e+00
1.409104e+00	1.099246e+00
1.409949e+00	1.091033e+00
1.410799e+00	1.082799e+00
1.411649e+00	1.074585e+00
1.412499e+00	1.066391e+00
1.413348e+00	1.058216e+00
1.414198e+00	1.050061e+00
1.415048e+00	1.041924e+00
1.415898e+00	1.033807e+00
1.416747e+00	1.025709e+00
1.417535e+00	1.018224e+00
1.418322e+00	1.010755e+00
1.419109e+00	1.003301e+00
1.419896e+00	9.958640e-01
1.420683e+00	9.884424e-01
1.421471e+00	9.810365e-01
1.422258e+00	9.736462e-01
1.423045e+00	9.662713e-01
1.423849e+00	9.587549e-01
1.424653e+00	9.512544e-01
1.425457e+00	9.437697e-01
1.426261e+00	9.363007e-01
1.427065e+00	9.288474e-01
1.427869e+00	9.214095e-01
1.428673e+00	9.139870e-01
1.429477e+00	9.065798e-01
1.430384e+00	8.982419e-01
1.431291e+00	8.899232e-01
1.432198e+00	8.816235e-01
1.433105e+00	8.733426e-01
1.434012e+00	8.650803e-01
1.434919e+00	8.568366e-01
1.435826e+00	8.486113e-01
1.436733e+00	8.404042e-01
1.437552e+00	8.330058e-01
1.438372e+00	8.256220e-01
1.439191e+00	8.182528e-01
1.440010e+00	8.108979e-01
1.440830e+00	8.035573e-01
1.441649e+00	7.962308e-01
1.442468e+00	7.889184e-01
1.443288e+00	7.816199e-01
1.444093e+00	7.744632e-01
1.444897e+00	7.673198e-01
1.445702e+00	7.601894e-01
1.446507e+00	7.530720e-01
1.447312e+00	7.459676e-01
1.448117e+00	7.388758e-01
1.448922e+00	7.317968e-01
1.449727e+00	7.247302e-01
1.450573e+00	7.173154e-01
1.451419e+00	7.099142e-01
1.452265e+00	7.025264e-01
1.453111e+00	6.951520e-01
1.453957e+00	6.877908e-01
1.454804e+00	6.804428e-01
1.455650e+00	6.731076e-01
1.456496e+00	6.657853e-01
1.457331e+00	6.585674e-01
1.458167e+00	6.513618e-01
1.459002e+00	6.441683e-01
1.459838e+00	6.369868e-01
1.460673e+00	6.298171e-01
1.461509e+00	6.226593e-01
1.462344e+00	6.155130e-01
1.463180e+00	6.083783e-01
1.464021e+00	6.012055e-01
1.464862e+00	5.940441e-01
1.465704e+00	5.868940e-01
1.466545e+00	5.797550e-01
1.467386e+00	5.726271e-01
1.468227e+00	5.655101e-01
1.469069e+00	5.584038e-01
1.469910e+00	5.513082e-01
1.470740e+00	5.443163e-01
1.471571e+00	5.373345e-01
1.472401e+00	5.303628e-01
1.473231e+00	5.234009e-01
1.474061e+00	5.164487e-01
1.474891e+00	5.095062e-01
1.475722e+00	5.025731e-01
1.476552e+00	4.956495e-01
1.477342e+00	4.890709e-01
1.478132e+00	4.825006e-01
1.478921e+00	4.759385e-01
1.479711e+00	4.693844e-01
1.480501e+00	4.628383e-01
1.481291e+00	4.563001e-01
1.482081e+00	4.497695e-01
1.482871e+00	4.432466e-01
1.483726e+00	4.361935e-01
1.484581e+00	4.291490e-01
1.485436e+00	4.221131e-01
1.486291e+00	4.150855e-01
1.487146e+00	4.080663e-01
1.488002e+00	4.010553e-01
1.488857e+00	3.940522e-01
1.489712e+00	3.870570e-01
1.490535e+00	3.803303e-01
1.491358e+00	3.736106e-01
1.492181e+00	3.668978e-01
1.493005e+00	3.601919e-01
1.493828e+00	3.534926e-01
1.494651e+00	3.468000e-01
1.495474e+00	3.401137e-01
1.496297e+00	3.334339e-01
1.497227e+00	3.258999e-01
1.498156e+00	3.183736e-01
1.499086e+00	3.108549e-01
1.500015e+00	3.033436e-01
1.500944e+00	2.958396e-01
1.501874e+00	2.883426e-01
1.502803e+00	2.808525e-01
1.503732e+00	2.733691e-01
1.504506e+00	2.671438e-01
1.505280e+00	2.609228e-01
1.506054e+00	2.547063e-01
1.506827e+00	2.484939e-01
1.507601e+00	2.422857e-01
1.508375e+00	2.360815e-01
1.509149e+00	2.298813e-01
1.509922e+00	2.236849e-01
1.510823e+00	2.164775e-01
1.511724e+00	2.092750e-01
1.512174e+00	2.056756e-01
1.512624e+00	2.020773e-01
1.513075e+00	1.985258e-01
1.513525e+00	1.949299e-01
1.514425e+00	1.877413e-01
1.515326e+00	1.805571e-01
1.516227e+00	1.733769e-01
1.517127e+00	1.662007e-01
1.518616e+00	1.543430e-01
1.520105e+00	1.424950e-01
1.521595e+00	1.306560e-01
1.523084e+00	1.188252e-01
1.524737e+00	1.057007e-01
1.526390e+00	9.258453e-02
1.528043e+00	7.947569e-02
1.529696e+00	6.637320e-02
1.531372e+00	5.308996e-02
1.533049e+00	3.981123e-02
1.534726e+00	2.653599e-02
1.536402e+00	1.326322e-02
1.540097e+00	-1.598431e-02
1.541944e+00	-3.060881e-02
1.543792e+00	-4.523561e-02
1.545318e+00	-5.731977e-02
1.546844e+00	-6.940719e-02
1.548370e+00	-8.149864e-02
1.549896e+00	-9.359489e-02
1.551672e+00	-1.076813e-01
1.553448e+00	-1.217764e-01
1.554336e+00	-1.288277e-01
1.555224e+00	-1.358815e-01
1.556112e+00	-1.429382e-01
1.557000e+00	-1.499978e-01
1.558566e+00	-1.624544e-01
1.559349e+00	-1.686865e-01
1.560132e+00	-1.749214e-01
1.561698e+00	-1.873998e-01
1.562481e+00	-1.936434e-01
1.563264e+00	-1.998902e-01
1.564155e+00	-2.070021e-01
1.565046e+00	-2.141183e-01
1.565937e+00	-2.212390e-01
1.566828e+00	-2.283643e-01
1.567719e+00	-2.354944e-01
1.568610e+00	-2.426295e-01
1.569501e+00	-2.497697e-01
1.570392e+00	-2.569151e-01
1.571196e+00	-2.633696e-01
1.572000e+00	-2.698286e-01
1.572804e+00	-2.762923e-01
1.573609e+00	-2.827607e-01
1.574413e+00	-2.892340e-01
1.575217e+00	-2.957122e-01
1.576021e+00	-3.021955e-01
1.576825e+00	-3.086840e-01
1.577711e+00	-3.158331e-01
1.578596e+00	-3.229889e-01
1.579482e+00	-3.301513e-01
1.580367e+00	-3.373207e-01
1.581252e+00	-3.444970e-01
1.582138e+00	-3.516805e-01
1.583023e+00	-3.588713e-01
1.583908e+00	-3.660696e-01
1.584731e+00	-3.727631e-01
1.585553e+00	-3.794634e-01
1.586376e+00	-3.861704e-01
1.587198e+00	-3.928843e-01
1.588020e+00	-3.996053e-01
1.588843e+00	-4.063335e-01
1.589665e+00	-4.130690e-01
1.590488e+00	-4.198119e-01
1.591273e+00	-4.262589e-01
1.592059e+00	-4.327128e-01
1.592844e+00	-4.391739e-01
1.593630e+00	-4.456421e-01
1.594415e+00	-4.521176e-01
1.595201e+00	-4.586005e-01
1.595986e+00	-4.650909e-01
1.596772e+00	-4.715889e-01
1.597641e+00	-4.787892e-01
1.598510e+00	-4.859991e-01
1.599380e+00	-4.932187e-01
1.600249e+00	-5.004481e-01
1.601118e+00	-5.076875e-01
1.601987e+00	-5.149371e-01
1.602857e+00	-5.221969e-01
1.603726e+00	-5.294671e-01
1.604592e+00	-5.367168e-01
1.605457e+00	-5.439770e-01
1.606323e+00	-5.512480e-01
1.607188e+00	-5.585298e-01
1.608054e+00	-5.658227e-01
1.608919e+00	-5.731267e-01
1.609785e+00	-5.804421e-01
1.610651e+00	-5.877689e-01
1.611439e+00	-5.944524e-01
1.612227e+00	-6.011457e-01
1.613016e+00	-6.078488e-01
1.613804e+00	-6.145618e-01
1.614593e+00	-6.212848e-01
1.615381e+00	-6.280180e-01
1.616169e+00	-6.347614e-01
1.616958e+00	-6.415151e-01
1.617767e+00	-6.484551e-01
1.618575e+00	-6.554061e-01
1.619384e+00	-6.623684e-01
1.620193e+00	-6.693420e-01
1.621002e+00	-6.763271e-01
1.621811e+00	-6.833237e-01
1.622620e+00	-6.903320e-01
1.623429e+00	-6.973520e-01
1.624312e+00	-7.050287e-01
1.625195e+00	-7.127196e-01
1.626078e+00	-7.204250e-01
1.626960e+00	-7.281450e-01
1.627843e+00	-7.358797e-01
1.628726e+00	-7.436294e-01
1.629609e+00	-7.513941e-01
1.630492e+00	-7.591740e-01
1.631327e+00	-7.665392e-01
1.632161e+00	-7.739181e-01
1.632995e+00	-7.813110e-01
1.633829e+00	-7.887180e-01
1.634664e+00	-7.961392e-01
1.635498e+00	-8.035746e-01
1.636332e+00	-8.110245e-01
1.637167e+00	-8.184890e-01
1.638044e+00	-8.263585e-01
1.638922e+00	-8.342445e-01
1.639800e+00	-8.421470e-01
1.640678e+00	-8.500661e-01
1.641555e+00	-8.580021e-01
1.642433e+00	-8.659550e-01
1.643311e+00	-8.739250e-01
1.644189e+00	-8.819123e-01
1.644967e+00	-8.890055e-01
1.645745e+00	-8.961126e-01
1.646523e+00	-9.032335e-01
1.647301e+00	-9.103683e-01
1.648079e+00	-9.175172e-01
1.648857e+00	-9.246802e-01
1.649635e+00	-9.318575e-01
1.650412e+00	-9.390491e-01
1.651304e+00	-9.473104e-01
1.652196e+00	-9.555909e-01
1.653088e+00	-9.638906e-01
1.653979e+00	-9.722097e-01
1.654871e+00	-9.805483e-01
1.655763e+00	-9.889067e-01
1.656655e+00	-9.972849e-01
1.657546e+00	-1.005683e+00
1.658376e+00	-1.013516e+00
1.659206e+00	-1.021366e+00
1.660036e+00	-1.029234e+00
1.660866e+00	-1.037120e+00
1.661695e+00	-1.045024e+00
1.662525e+00	-1.052946e+00
1.663355e+00	-1.060886e+00
1.664185e+00	-1.068844e+00
1.664942e+00	-1.076119e+00
1.665699e+00	-1.083410e+00
1.666456e+00	-1.090716e+00
1.667212e+00	-1.098038e+00
1.667969e+00	-1.105375e+00
1.668726e+00	-1.112729e+00
1.669483e+00	-1.120097e+00
1.670240e+00	-1.127482e+00
1.671083e+00	-1.135726e+00
1.671926e+00	-1.143990e+00
1.672769e+00	-1.152274e+00
1.673613e+00	-1.160579e+00
1.674456e+00	-1.168903e+00
1.675299e+00	-1.177248e+00
1.676142e+00	-1.185614e+00
1.676985e+00	-1.194000e+00
1.677439e+00	-1.198523e+00
1.677893e+00	-1.203053e+00
1.678800e+00	-1.212130e+00
1.679254e+00	-1.216678e+00
1.679708e+00	-1.221232e+00
1.680162e+00	-1.225792e+00
1.680616e+00	-1.230358e+00
1.681524e+00	-1.239509e+00
1.682432e+00	-1.248684e+00
1.682885e+00	-1.253281e+00
1.683339e+00	-1.257885e+00
1.683793e+00	-1.262494e+00
1.684247e+00	-1.267110e+00
1.685007e+00	-1.274849e+00
1.685766e+00	-1.282605e+00
1.686526e+00	-1.290379e+00
1.687285e+00	-1.298171e+00
1.688045e+00	-1.305981e+00
1.688805e+00	-1.313809e+00
1.689564e+00	-1.321656e+00
1.690324e+00	-1.329520e+00
1.691178e+00	-1.338385e+00
1.692032e+00	-1.347272e+00
1.692886e+00	-1.356183e+00
1.693740e+00	-1.365118e+00
1.694167e+00	-1.369594e+00
1.694594e+00	-1.374076e+00
1.695021e+00	-1.378565e+00
1.695448e+00	-1.383059e+00
1.696302e+00	-1.392064e+00
1.697156e+00	-1.401094e+00
1.697980e+00	-1.409828e+00
1.698803e+00	-1.418585e+00
1.699627e+00	-1.427364e+00
1.700451e+00	-1.436166e+00
1.701275e+00	-1.444991e+00
1.702099e+00	-1.453839e+00
1.702923e+00	-1.462709e+00
1.703747e+00	-1.471603e+00
1.704587e+00	-1.480696e+00
1.705427e+00	-1.489812e+00
1.706267e+00	-1.498954e+00
1.707107e+00	-1.508119e+00
1.707947e+00	-1.517309e+00
1.708787e+00	-1.526524e+00
1.709627e+00	-1.535764e+00
1.710467e+00	-1.545028e+00
1.711285e+00	-1.554075e+00
1.712104e+00	-1.563146e+00
1.712922e+00	-1.572241e+00
1.713740e+00	-1.581359e+00
1.714558e+00	-1.590502e+00
1.715376e+00	-1.599669e+00
1.716194e+00	-1.608860e+00
1.717013e+00	-1.618075e+00
1.717472e+00	-1.623257e+00
1.717931e+00	-1.628447e+00
1.718390e+00	-1.633644e+00
1.718849e+00	-1.638849e+00
1.719308e+00	-1.644061e+00
1.719767e+00	-1.649282e+00
1.720226e+00	-1.654510e+00
1.720685e+00	-1.659746e+00
1.721144e+00	-1.664990e+00
1.721604e+00	-1.670241e+00
1.722063e+00	-1.675501e+00
1.722522e+00	-1.680768e+00
1.722981e+00	-1.686043e+00
1.723440e+00	-1.691326e+00
1.723899e+00	-1.696617e+00
1.724358e+00	-1.701916e+00
1.725173e+00	-1.711335e+00
1.725987e+00	-1.720778e+00
1.726801e+00	-1.730246e+00
1.727616e+00	-1.739740e+00
1.728430e+00	-1.749259e+00
1.729244e+00	-1.758803e+00
1.730058e+00	-1.768373e+00
1.730873e+00	-1.777968e+00
1.731647e+00	-1.787112e+00
1.732421e+00	-1.796279e+00
1.733195e+00	-1.805469e+00
1.733969e+00	-1.814682e+00
1.734743e+00	-1.823919e+00
1.735517e+00	-1.833179e+00
1.736291e+00	-1.842462e+00
1.737065e+00	-1.851770e+00
1.737533e+00	-1.857418e+00
1.738002e+00	-1.863075e+00
1.738471e+00	-1.868740e+00
1.738939e+00	-1.874414e+00
1.739408e+00	-1.880097e+00
1.739877e+00	-1.885789e+00
1.740346e+00	-1.891490e+00
1.740814e+00	-1.897199e+00
1.741283e+00	-1.902917e+00
1.741752e+00	-1.908644e+00
1.742221e+00	-1.914379e+00
1.742689e+00	-1.920124e+00
1.743158e+00	-1.925877e+00
1.743627e+00	-1.931639e+00
1.744096e+00	-1.937410e+00
1.744564e+00	-1.943190e+00
1.745338e+00	-1.952747e+00
1.746111e+00	-1.962328e+00
1.746885e+00	-1.971933e+00
1.747658e+00	-1.981562e+00
1.748431e+00	-1.991216e+00
1.749205e+00	-2.000895e+00
1.749978e+00	-2.010598e+00
1.750752e+00	-2.020325e+00
1.751589e+00	-2.030879e+00
1.752425e+00	-2.041462e+00
1.753262e+00	-2.052073e+00
1.754099e+00	-2.062714e+00
1.754936e+00	-2.073384e+00
1.755773e+00	-2.084083e+00
1.756610e+00	-2.094812e+00
1.757447e+00	-2.105569e+00
1.757881e+00	-2.111156e+00
1.758314e+00	-2.116751e+00
1.758748e+00	-2.122353e+00
1.759182e+00	-2.127963e+00
1.760049e+00	-2.139208e+00
1.760917e+00	-2.150484e+00
1.761351e+00	-2.156134e+00
1.761784e+00	-2.161792e+00
1.762218e+00	-2.167458e+00
1.762652e+00	-2.173132e+00
1.763519e+00	-2.184504e+00
1.763953e+00	-2.190202e+00
1.764387e+00	-2.195908e+00
1.765243e+00	-2.207197e+00
1.765671e+00	-2.212854e+00
1.766099e+00	-2.218519e+00
1.766956e+00	-2.229871e+00
1.767812e+00	-2.241255e+00
1.768240e+00	-2.246959e+00
1.768669e+00	-2.252671e+00
1.769097e+00	-2.258390e+00
1.769525e+00	-2.264118e+00
1.770381e+00	-2.275597e+00
1.770810e+00	-2.281348e+00
1.771238e+00	-2.287107e+00
1.772072e+00	-2.298344e+00
1.772905e+00	-2.309612e+00
1.773739e+00	-2.320910e+00
1.774573e+00	-2.332238e+00
1.775407e+00	-2.343596e+00
1.776241e+00	-2.354984e+00
1.777075e+00	-2.366403e+00
1.777909e+00	-2.377852e+00
1.778701e+00	-2.388755e+00
1.779493e+00	-2.399685e+00
1.780285e+00	-2.410642e+00
1.781077e+00	-2.421627e+00
1.781869e+00	-2.432640e+00
1.782661e+00	-2.443680e+00
1.783453e+00	-2.454747e+00
1.784245e+00	-2.465843e+00
1.785059e+00	-2.477273e+00
1.785872e+00	-2.488734e+00
1.786686e+00	-2.500223e+00
1.787500e+00	-2.511741e+00
1.788314e+00	-2.523289e+00
1.789128e+00	-2.534866e+00
1.789942e+00	-2.546472e+00
1.790756e+00	-2.558108e+00
1.791193e+00	-2.564372e+00
1.791631e+00	-2.570644e+00
1.792505e+00	-2.583214e+00
1.792943e+00	-2.589512e+00
1.793380e+00	-2.595818e+00
1.793817e+00	-2.602133e+00
1.794254e+00	-2.608456e+00
1.795129e+00	-2.621128e+00
1.796004e+00	-2.633833e+00
1.796441e+00	-2.640199e+00
1.796878e+00	-2.646573e+00
1.797753e+00	-2.659347e+00
1.798529e+00	-2.670713e+00
1.799305e+00	-2.682105e+00
1.800082e+00	-2.693525e+00
1.800858e+00	-2.704971e+00
1.801634e+00	-2.716444e+00
1.802410e+00	-2.727944e+00
1.803187e+00	-2.739471e+00
1.803963e+00	-2.751024e+00
1.804841e+00	-2.764131e+00
1.805720e+00	-2.777272e+00
1.806159e+00	-2.783855e+00
1.806598e+00	-2.790447e+00
1.807477e+00	-2.803657e+00
1.808355e+00	-2.816902e+00
1.809233e+00	-2.830180e+00
1.810112e+00	-2.843494e+00
1.810990e+00	-2.856841e+00
1.811806e+00	-2.869259e+00
1.812621e+00	-2.881706e+00
1.813436e+00	-2.894183e+00
1.814251e+00	-2.906690e+00
1.815066e+00	-2.919226e+00
1.815881e+00	-2.931792e+00
1.816697e+00	-2.944387e+00
1.817512e+00	-2.957012e+00
1.817965e+00	-2.964050e+00
1.818419e+00	-2.971097e+00
1.819326e+00	-2.985219e+00
1.819780e+00	-2.992294e+00
1.820233e+00	-2.999378e+00
1.820687e+00	-3.006471e+00
1.821141e+00	-3.013573e+00
1.822048e+00	-3.027804e+00
1.822955e+00	-3.042073e+00
1.823409e+00	-3.049221e+00
1.823862e+00	-3.056377e+00
1.824769e+00	-3.070719e+00
1.825544e+00	-3.082990e+00
1.826318e+00	-3.095287e+00
1.827093e+00	-3.107611e+00
1.827867e+00	-3.119961e+00
1.828641e+00	-3.132339e+00
1.829416e+00	-3.144742e+00
1.830190e+00	-3.157172e+00
1.830965e+00	-3.169629e+00
1.831811e+00	-3.183273e+00
1.832657e+00	-3.196949e+00
1.833504e+00	-3.210656e+00
1.834350e+00	-3.224395e+00
1.835196e+00	-3.238166e+00
1.836043e+00	-3.251968e+00
1.836889e+00	-3.265801e+00
1.837735e+00	-3.279666e+00
1.838563e+00	-3.293257e+00
1.839391e+00	-3.306878e+00
1.840219e+00	-3.320528e+00
1.841046e+00	-3.334209e+00
1.841874e+00	-3.347919e+00
1.842702e+00	-3.361660e+00
1.843530e+00	-3.375430e+00
1.844357e+00	-3.389230e+00
1.845187e+00	-3.403095e+00
1.846017e+00	-3.416990e+00
1.846847e+00	-3.430915e+00
1.847677e+00	-3.444870e+00
1.848507e+00	-3.458854e+00
1.849336e+00	-3.472868e+00
1.850166e+00	-3.486913e+00
1.850996e+00	-3.500986e+00
1.851903e+00	-3.516396e+00
1.852809e+00	-3.531841e+00
1.853716e+00	-3.547321e+00
1.854622e+00	-3.562837e+00
1.855529e+00	-3.578388e+00
1.856436e+00	-3.593974e+00
1.857342e+00	-3.609596e+00
1.858249e+00	-3.625252e+00
1.859064e+00	-3.639357e+00
1.859879e+00	-3.653490e+00
1.860694e+00	-3.667651e+00
1.861509e+00	-3.681841e+00
1.862324e+00	-3.696059e+00
1.863139e+00	-3.710305e+00
1.863954e+00	-3.724579e+00
1.864769e+00	-3.738881e+00
1.865581e+00	-3.753167e+00
1.866394e+00	-3.767481e+00
1.867206e+00	-3.781822e+00
1.868019e+00	-3.796191e+00
1.868831e+00	-3.810588e+00
1.869644e+00	-3.825013e+00
1.870456e+00	-3.839465e+00
1.871269e+00	-3.853945e+00
1.872145e+00	-3.869591e+00
1.873021e+00	-3.885270e+00
1.873898e+00	-3.900981e+00
1.874774e+00	-3.916723e+00
1.875650e+00	-3.932498e+00
1.876526e+00	-3.948304e+00
1.877402e+00	-3.964142e+00
1.878279e+00	-3.980013e+00
1.879085e+00	-3.994644e+00
1.879891e+00	-4.009302e+00
1.880698e+00	-4.023987e+00
1.881504e+00	-4.038699e+00
1.882310e+00	-4.053438e+00
1.883116e+00	-4.068204e+00
1.883923e+00	-4.082996e+00
1.884729e+00	-4.097815e+00
1.885507e+00	-4.112141e+00
1.886285e+00	-4.126492e+00
1.887063e+00	-4.140867e+00
1.887841e+00	-4.155267e+00
1.888619e+00	-4.169692e+00
1.889397e+00	-4.184142e+00
1.890175e+00	-4.198616e+00
1.890953e+00	-4.213116e+00
1.891867e+00	-4.230168e+00
1.892780e+00	-4.247255e+00
1.893694e+00	-4.264375e+00
1.894607e+00	-4.281530e+00
1.895520e+00	-4.298718e+00
1.896434e+00	-4.315940e+00
1.897347e+00	-4.333196e+00
1.898261e+00	-4.350487e+00
1.899021e+00	-4.364913e+00
1.899782e+00	-4.379362e+00
1.900543e+00	-4.393835e+00
1.901303e+00	-4.408332e+00
1.902064e+00	-4.422852e+00
1.902825e+00	-4.437395e+00
1.903586e+00	-4.451962e+00
1.904346e+00	-4.466553e+00
1.905203e+00	-4.483017e+00
1.906060e+00	-4.499512e+00
1.906917e+00	-4.516036e+00
1.907774e+00	-4.532590e+00
1.908631e+00	-4.549174e+00
1.909488e+00	-4.565787e+00
1.910345e+00	-4.582431e+00
1.911202e+00	-4.599104e+00
1.912063e+00	-4.615878e+00
1.912923e+00	-4.632682e+00
1.913784e+00	-4.649516e+00
1.914644e+00	-4.666380e+00
1.915505e+00	-4.683275e+00
1.916365e+00	-4.700200e+00
1.917226e+00	-4.717155e+00
1.918087e+00	-4.734140e+00
1.918953e+00	-4.751272e+00
1.919819e+00	-4.768434e+00
1.920686e+00	-4.785628e+00
1.921552e+00	-4.802852e+00
1.922419e+00	-4.820107e+00
1.923285e+00	-4.837394e+00
1.924152e+00	-4.854711e+00
1.925018e+00	-4.872059e+00
1.925862e+00	-4.888987e+00
1.926706e+00	-4.905944e+00
1.927550e+00	-4.922930e+00
1.928394e+00	-4.939947e+00
1.929238e+00	-4.956993e+00
1.930081e+00	-4.974069e+00
1.930925e+00	-4.991175e+00
1.931769e+00	-5.008311e+00
1.932522e+00	-5.023622e+00
1.933275e+00	-5.038957e+00
1.934028e+00	-5.054317e+00
1.934781e+00	-5.069700e+00
1.935533e+00	-5.085108e+00
1.936286e+00	-5.100539e+00
1.937039e+00	-5.115996e+00
1.937792e+00	-5.131476e+00
1.938645e+00	-5.149053e+00
1.939498e+00	-5.166661e+00
1.940352e+00	-5.184301e+00
1.941205e+00	-5.201972e+00
1.942058e+00	-5.219676e+00
1.942912e+00	-5.237411e+00
1.943765e+00	-5.255179e+00
1.944618e+00	-5.272978e+00
1.945488e+00	-5.291149e+00
1.946357e+00	-5.309354e+00
1.947227e+00	-5.327593e+00
1.948096e+00	-5.345865e+00
1.948966e+00	-5.364172e+00
1.949835e+00	-5.382513e+00
1.950705e+00	-5.400889e+00
1.951575e+00	-5.419299e+00
1.952385e+00	-5.436488e+00
1.953195e+00	-5.453708e+00
1.954006e+00	-5.470957e+00
1.954816e+00	-5.488238e+00
1.955626e+00	-5.505549e+00
1.956437e+00	-5.522891e+00
1.957247e+00	-5.540264e+00
1.958058e+00	-5.557668e+00
1.958962e+00	-5.577136e+00
1.959867e+00	-5.596642e+00
1.960772e+00	-5.616188e+00
1.961677e+00	-5.635774e+00
1.962581e+00	-5.655400e+00
1.963486e+00	-5.675065e+00
1.964391e+00	-5.694772e+00
1.965295e+00	-5.714519e+00
1.966130e+00	-5.732778e+00
1.966965e+00	-5.751073e+00
1.967800e+00	-5.769403e+00
1.968635e+00	-5.787769e+00
1.969470e+00	-5.806170e+00
1.970305e+00	-5.824607e+00
1.971140e+00	-5.843081e+00
1.971975e+00	-5.861590e+00
1.972812e+00	-5.880187e+00
1.973649e+00	-5.898822e+00
1.974487e+00	-5.917493e+00
1.975324e+00	-5.936202e+00
1.976161e+00	-5.954949e+00
1.976998e+00	-5.973734e+00
1.977835e+00	-5.992556e+00
1.978673e+00	-6.011418e+00
1.979495e+00	-6.029971e+00
1.980317e+00	-6.048562e+00
1.981138e+00	-6.067191e+00
1.981960e+00	-6.085857e+00
1.982782e+00	-6.104562e+00
1.983604e+00	-6.123306e+00
1.984426e+00	-6.142088e+00
1.985248e+00	-6.160909e+00
1.986093e+00	-6.180294e+00
1.986938e+00	-6.199722e+00
1.987782e+00	-6.219191e+00
1.988627e+00	-6.238702e+00
1.989472e+00	-6.258257e+00
1.990317e+00	-6.277854e+00
1.991161e+00	-6.297494e+00
1.992006e+00	-6.317178e+00
1.992770e+00	-6.335020e+00
1.993534e+00	-6.352898e+00
1.994299e+00	-6.370813e+00
1.995063e+00	-6.388764e+00
1.995827e+00	-6.406752e+00
1.996591e+00	-6.424777e+00
1.997355e+00	-6.442839e+00
1.998119e+00	-6.460939e+00
1.998956e+00	-6.480805e+00
1.999793e+00	-6.500718e+00
2.000630e+00	-6.520676e+00
2.001467e+00	-6.540680e+00
2.002304e+00	-6.560731e+00
2.003140e+00	-6.580829e+00
2.003977e+00	-6.600974e+00
2.004814e+00	-6.621166e+00
2.005692e+00	-6.642391e+00
2.006569e+00	-6.663669e+00
2.007447e+00	-6.685000e+00
2.008325e+00	-6.706385e+00
2.009202e+00	-6.727824e+00
2.010080e+00	-6.749317e+00
2.010957e+00	-6.770865e+00
2.011835e+00	-6.792468e+00
2.012611e+00	-6.811633e+00
2.013388e+00	-6.830841e+00
2.014165e+00	-6.850094e+00
2.014941e+00	-6.869390e+00
2.015718e+00	-6.888732e+00
2.016495e+00	-6.908118e+00
2.017271e+00	-6.927548e+00
2.018048e+00	-6.947025e+00
2.018899e+00	-6.968418e+00
2.019750e+00	-6.989866e+00
2.020601e+00	-7.011370e+00
2.021452e+00	-7.032929e+00
2.022303e+00	-7.054544e+00
2.023154e+00	-7.076216e+00
2.024005e+00	-7.097944e+00
2.024856e+00	-7.119730e+00
2.025751e+00	-7.142691e+00
2.026645e+00	-7.165715e+00
2.027540e+00	-7.188804e+00
2.028434e+00	-7.211957e+00
2.029329e+00	-7.235174e+00
2.030223e+00	-7.258456e+00
2.031118e+00	-7.281804e+00
2.032013e+00	-7.305217e+00
2.032791e+00	-7.325655e+00
2.033570e+00	-7.346144e+00
2.034349e+00	-7.366683e+00
2.035128e+00	-7.387272e+00
2.035907e+00	-7.407912e+00
2.036686e+00	-7.428603e+00
2.037464e+00	-7.449345e+00
2.038243e+00	-7.470138e+00
2.039098e+00	-7.493021e+00
2.039953e+00	-7.515965e+00
2.040808e+00	-7.538972e+00
2.041663e+00	-7.562042e+00
2.042518e+00	-7.585174e+00
2.043373e+00	-7.608368e+00
2.044228e+00	-7.631626e+00
2.045083e+00	-7.654946e+00
2.045940e+00	-7.678402e+00
2.046798e+00	-7.701922e+00
2.047655e+00	-7.725505e+00
2.048513e+00	-7.749151e+00
2.049370e+00	-7.772862e+00
2.050228e+00	-7.796636e+00
2.051085e+00	-7.820474e+00
2.051943e+00	-7.844376e+00
2.052737e+00	-7.866558e+00
2.053531e+00	-7.888794e+00
2.054324e+00	-7.911086e+00
2.055118e+00	-7.933431e+00
2.055912e+00	-7.955831e+00
2.056706e+00	-7.978286e+00
2.057500e+00	-8.000795e+00
2.058293e+00	-8.023357e+00
2.059109e+00	-8.046591e+00
2.059924e+00	-8.069881e+00
2.060740e+00	-8.093228e+00
2.061555e+00	-8.116631e+00
2.062371e+00	-8.140089e+00
2.063186e+00	-8.163604e+00
2.064001e+00	-8.187173e+00
2.064817e+00	-8.210798e+00
2.065741e+00	-8.237622e+00
2.066664e+00	-8.264515e+00
2.067588e+00	-8.291478e+00
2.068511e+00	-8.318508e+00
2.069435e+00	-8.345606e+00
2.070358e+00	-8.372770e+00
2.071282e+00	-8.400000e+00
2.072206e+00	-8.427295e+00
2.072978e+00	-8.450161e+00
2.073750e+00	-8.473070e+00
2.074522e+00	-8.496023e+00
2.075294e+00	-8.519019e+00
2.076066e+00	-8.542057e+00
2.076838e+00	-8.565137e+00
2.077610e+00	-8.588257e+00
2.078382e+00	-8.611418e+00
2.079213e+00	-8.636384e+00
2.080043e+00	-8.661394e+00
2.080874e+00	-8.686447e+00
2.081705e+00	-8.711542e+00
2.082536e+00	-8.736678e+00
2.083366e+00	-8.761853e+00
2.084197e+00	-8.787067e+00
2.085028e+00	-8.812317e+00
2.085901e+00	-8.838894e+00
2.086774e+00	-8.865508e+00
2.087647e+00	-8.892158e+00
2.088521e+00	-8.918842e+00
2.089394e+00	-8.945557e+00
2.090267e+00	-8.972301e+00
2.091140e+00	-8.999074e+00
2.092013e+00	-9.025871e+00
2.092854e+00	-9.051700e+00
2.093695e+00	-9.077547e+00
2.095377e+00	-9.129292e+00
2.097058e+00	-9.181087e+00
2.098740e+00	-9.232912e+00
2.100359e+00	-9.282804e+00
2.101977e+00	-9.332684e+00
2.103596e+00	-9.382533e+00
2.105215e+00	-9.432326e+00
2.106115e+00	-9.459970e+00
2.107014e+00	-9.487585e+00
2.107914e+00	-9.515167e+00
2.108814e+00	-9.542712e+00
2.109714e+00	-9.570215e+00
2.110613e+00	-9.597670e+00
2.111513e+00	-9.625074e+00
2.112413e+00	-9.652420e+00
2.113188e+00	-9.675936e+00
2.113963e+00	-9.699403e+00
2.114739e+00	-9.722816e+00
2.115514e+00	-9.746173e+00
2.116289e+00	-9.769469e+00
2.117065e+00	-9.792702e+00
2.117840e+00	-9.815868e+00
2.118615e+00	-9.838962e+00
2.119497e+00	-9.865136e+00
2.119938e+00	-9.878185e+00
2.120379e+00	-9.891207e+00
2.121261e+00	-9.917170e+00
2.122143e+00	-9.943017e+00
2.122584e+00	-9.955895e+00
2.123024e+00	-9.968742e+00
2.123465e+00	-9.981557e+00
2.123906e+00	-9.994340e+00
2.124347e+00	-1.000709e+01
2.124788e+00	-1.001980e+01
2.125229e+00	-1.003248e+01
2.125670e+00	-1.004512e+01
2.126446e+00	-1.006730e+01
2.126835e+00	-1.007834e+01
2.127223e+00	-1.008936e+01
2.127999e+00	-1.011129e+01
2.128388e+00	-1.012221e+01
2.128776e+00	-1.013309e+01
2.129164e+00	-1.014394e+01
2.129552e+00	-1.015476e+01
2.129941e+00	-1.016554e+01
2.130329e+00	-1.017629e+01
2.130717e+00	-1.018700e+01
2.131105e+00	-1.019768e+01
2.131494e+00	-1.020832e+01
2.131882e+00	-1.021892e+01
2.132308e+00	-1.023050e+01
2.132733e+00	-1.024204e+01
2.133159e+00	-1.025353e+01
2.133585e+00	-1.026496e+01
2.134011e+00	-1.027635e+01
2.134437e+00	-1.028769e+01
2.134862e+00	-1.029898e+01
2.135288e+00	-1.031021e+01
2.135714e+00	-1.032140e+01
2.136140e+00	-1.033252e+01
2.136566e+00	-1.034360e+01
2.136991e+00	-1.035461e+01
2.137417e+00	-1.036557e+01
2.137843e+00	-1.037648e+01
2.138269e+00	-1.038732e+01
2.138695e+00	-1.039810e+01
2.139140e+00	-1.040933e+01
2.139586e+00	-1.042049e+01
2.140032e+00	-1.043157e+01
2.140478e+00	-1.044259e+01
2.140923e+00	-1.045354e+01
2.141369e+00	-1.046442e+01
2.141815e+00	-1.047522e+01
2.142261e+00	-1.048595e+01
2.142706e+00	-1.049661e+01
2.143152e+00	-1.050719e+01
2.143598e+00	-1.051770e+01
2.144044e+00	-1.052812e+01
2.144489e+00	-1.053847e+01
2.144935e+00	-1.054873e+01
2.145381e+00	-1.055892e+01
2.145827e+00	-1.056902e+01
2.146210e+00	-1.057765e+01
2.146594e+00	-1.058621e+01
2.146977e+00	-1.059471e+01
2.147361e+00	-1.060315e+01
2.147744e+00	-1.061153e+01
2.148128e+00	-1.061983e+01
2.148511e+00	-1.062808e+01
2.148895e+00	-1.063625e+01
2.149278e+00	-1.064436e+01
2.149662e+00	-1.065240e+01
2.150045e+00	-1.066037e+01
2.150429e+00	-1.066828e+01
2.150812e+00	-1.067611e+01
2.151196e+00	-1.068387e+01
2.151579e+00	-1.069156e+01
2.151963e+00	-1.069918e+01
2.152415e+00	-1.070808e+01
2.152867e+00	-1.071687e+01
2.153094e+00	-1.072123e+01
2.153320e+00	-1.072556e+01
2.153546e+00	-1.072986e+01
2.153772e+00	-1.073414e+01
2.154224e+00	-1.074262e+01
2.154677e+00	-1.075100e+01
2.154903e+00	-1.075514e+01
2.155129e+00	-1.075926e+01
2.155355e+00	-1.076336e+01
2.155581e+00	-1.076742e+01
2.155807e+00	-1.077146e+01
2.156033e+00	-1.077547e+01
2.156260e+00	-1.077945e+01
2.156486e+00	-1.078341e+01
2.156712e+00	-1.078733e+01
2.156938e+00	-1.079123e+01
2.157164e+00	-1.079510e+01
2.157390e+00	-1.079895e+01
2.157617e+00	-1.080276e+01
2.157843e+00	-1.080655e+01
2.158069e+00	-1.081031e+01
2.158295e+00	-1.081403e+01
2.158521e+00	-1.081773e+01
2.158747e+00	-1.082140e+01
2.158973e+00	-1.082505e+01
2.159200e+00	-1.082866e+01
2.159406e+00	-1.083193e+01
2.159612e+00	-1.083517e+01
2.159818e+00	-1.083839e+01
2.160024e+00	-1.084158e+01
2.160230e+00	-1.084475e+01
2.160436e+00	-1.084789e+01
2.160643e+00	-1.085101e+01
2.160849e+00	-1.085411e+01
2.161055e+00	-1.085717e+01
2.161261e+00	-1.086022e+01
2.161467e+00	-1.086324e+01
2.161673e+00	-1.086623e+01
2.161879e+00	-1.086920e+01
2.162086e+00	-1.087214e+01
2.162292e+00	-1.087506e+01
2.162498e+00	-1.087795e+01
2.162704e+00	-1.088081e+01
2.162910e+00	-1.088365e+01
2.163116e+00	-1.088646e+01
2.163322e+00	-1.088925e+01
2.163529e+00	-1.089201e+01
2.163735e+00	-1.089475e+01
2.163941e+00	-1.089745e+01
2.164147e+00	-1.090014e+01
2.164353e+00	-1.090279e+01
2.164559e+00	-1.090542e+01
2.164765e+00	-1.090802e+01
2.164972e+00	-1.091060e+01
2.165178e+00	-1.091315e+01
2.165384e+00	-1.091567e+01
2.165590e+00	-1.091817e+01
2.165796e+00	-1.092063e+01
2.165992e+00	-1.092296e+01
2.166189e+00	-1.092526e+01
2.166385e+00	-1.092754e+01
2.166581e+00	-1.092979e+01
2.166778e+00	-1.093201e+01
2.166974e+00	-1.093422e+01
2.167170e+00	-1.093639e+01
2.167366e+00	-1.093854e+01
2.167563e+00	-1.094067e+01
2.167759e+00	-1.094277e+01
2.167955e+00	-1.094485e+01
2.168152e+00	-1.094690e+01
2.168348e+00	-1.094893e+01
2.168544e+00	-1.095093e+01
2.168740e+00	-1.095290e+01
2.168937e+00	-1.095486e+01
2.169133e+00	-1.095678e+01
2.169329e+00	-1.095868e+01
2.169526e+00	-1.096055e+01
2.169722e+00	-1.096240e+01
2.169918e+00	-1.096422e+01
2.170115e+00	-1.096602e+01
2.170311e+00	-1.096779e+01
2.170507e+00	-1.096954e+01
2.170703e+00	-1.097126e+01
2.170900e+00	-1.097295e+01
2.171096e+00	-1.097462e+01
2.171292e+00	-1.097626e+01
2.171489e+00	-1.097788e+01
2.171685e+00	-1.097947e+01
2.171881e+00	-1.098103e+01
2.172077e+00	-1.098257e+01
2.172294e+00	-1.098423e+01
2.172510e+00	-1.098587e+01
2.172727e+00	-1.098747e+01
2.172943e+00	-1.098904e+01
2.173159e+00	-1.099057e+01
2.173376e+00	-1.099208e+01
2.173592e+00	-1.099355e+01
2.173809e+00	-1.099499e+01
2.174025e+00	-1.099640e+01
2.174242e+00	-1.099777e+01
2.174458e+00	-1.099912e+01
2.174674e+00	-1.100043e+01
2.174891e+00	-1.100170e+01
2.175107e+00	-1.100295e+01
2.175324e+00	-1.100416e+01
2.175540e+00	-1.100534e+01
2.175756e+00	-1.100649e+01
2.175973e+00	-1.100761e+01
2.176189e+00	-1.100869e+01
2.176406e+00	-1.100974e+01
2.176622e+00	-1.101076e+01
2.176838e+00	-1.101174e+01
2.177055e+00	-1.101269e+01
2.177271e+00	-1.101361e+01
2.177488e+00	-1.101449e+01
2.177704e+00	-1.101535e+01
2.177920e+00	-1.101617e+01
2.178137e+00	-1.101695e+01
2.178353e+00	-1.101771e+01
2.178570e+00	-1.101843e+01
2.178786e+00	-1.101912e+01
2.179002e+00	-1.101977e+01
2.179219e+00	-1.102039e+01
2.179436e+00	-1.102098e+01
2.179652e+00	-1.102154e+01
2.179869e+00	-1.102206e+01
2.180085e+00	-1.102255e+01
2.180302e+00	-1.102301e+01
2.180519e+00	-1.102343e+01
2.180735e+00	-1.102382e+01
2.180952e+00	-1.102417e+01
2.181168e+00	-1.102450e+01
2.181385e+00	-1.102479e+01
2.181601e+00	-1.102504e+01
2.181818e+00	-1.102527e+01
2.182035e+00	-1.102546e+01
2.182251e+00	-1.102561e+01
2.182468e+00	-1.102574e+01
2.182684e+00	-1.102582e+01
2.182901e+00	-1.102588e+01
2.183117e+00	-1.102590e+01
2.183334e+00	-1.102589e+01
2.183551e+00	-1.102585e+01
2.183767e+00	-1.102577e+01
2.183984e+00	-1.102566e+01
2.184200e+00	-1.102552e+01
2.184417e+00	-1.102534e+01
2.184634e+00	-1.102513e+01
2.184850e+00	-1.102489e+01
2.185067e+00	-1.102461e+01
2.185283e+00	-1.102430e+01
2.185500e+00	-1.102396e+01
2.185716e+00	-1.102358e+01
2.185933e+00	-1.102317e+01
2.186145e+00	-1.102274e+01
2.186356e+00	-1.102227e+01
2.186568e+00	-1.102178e+01
2.186780e+00	-1.102125e+01
2.186991e+00	-1.102069e+01
2.187203e+00	-1.102010e+01
2.187415e+00	-1.101948e+01
2.187626e+00	-1.101882e+01
2.187838e+00	-1.101814e+01
2.188050e+00	-1.101742e+01
2.188261e+00	-1.101667e+01
2.188473e+00	-1.101589e+01
2.188685e+00	-1.101508e+01
2.188896e+00	-1.101424e+01
2.189108e+00	-1.101336e+01
2.189320e+00	-1.101246e+01
2.189532e+00	-1.101152e+01
2.189743e+00	-1.101055e+01
2.189955e+00	-1.100955e+01
2.190167e+00	-1.100852e+01
2.190378e+00	-1.100746e+01
2.190590e+00	-1.100637e+01
2.190802e+00	-1.100525e+01
2.191013e+00	-1.100409e+01
2.191225e+00	-1.100291e+01
2.191437e+00	-1.100169e+01
2.191648e+00	-1.100044e+01
2.191860e+00	-1.099916e+01
2.192072e+00	-1.099785e+01
2.192283e+00	-1.099651e+01
2.192495e+00	-1.099514e+01
2.192707e+00	-1.099374e+01
2.192913e+00	-1.099235e+01
2.193119e+00	-1.099092e+01
2.193325e+00	-1.098947e+01
2.193531e+00	-1.098799e+01
2.193738e+00	-1.098648e+01
2.193944e+00	-1.098494e+01
2.194150e+00	-1.098337e+01
2.194356e+00	-1.098177e+01
2.194562e+00	-1.098015e+01
2.194769e+00	-1.097849e+01
2.194975e+00	-1.097681e+01
2.195181e+00	-1.097510e+01
2.195387e+00	-1.097336e+01
2.195593e+00	-1.097159e+01
2.195799e+00	-1.096979e+01
2.196006e+00	-1.096797e+01
2.196212e+00	-1.096612e+01
2.196418e+00	-1.096423e+01
2.196624e+00	-1.096233e+01
2.196830e+00	-1.096039e+01
2.197037e+00	-1.095842e+01
2.197243e+00	-1.095643e+01
2.197449e+00	-1.095441e+01
2.197655e+00	-1.095236e+01
2.197861e+00	-1.095028e+01
2.198067e+00	-1.094818e+01
2.198274e+00	-1.094605e+01
2.198480e+00	-1.094389e+01
2.198686e+00	-1.094170e+01
2.198892e+00	-1.093949e+01
2.199098e+00	-1.093725e+01
2.199305e+00	-1.093498e+01
2.199510e+00	-1.093269e+01
2.199716e+00	-1.093037e+01
2.199922e+00	-1.092802e+01
2.200128e+00	-1.092565e+01
2.200334e+00	-1.092325e+01
2.200539e+00	-1.092082e+01
2.200745e+00	-1.091837e+01
2.200951e+00	-1.091589e+01
2.201157e+00	-1.091339e+01
2.201363e+00	-1.091086e+01
2.201568e+00	-1.090830e+01
2.201774e+00	-1.090571e+01
2.201980e+00	-1.090310e+01
2.202186e+00	-1.090046e+01
2.202392e+00	-1.089780e+01
2.202598e+00	-1.089511e+01
2.202803e+00	-1.089240e+01
2.203009e+00	-1.088966e+01
2.203215e+00	-1.088689e+01
2.203421e+00	-1.088410e+01
2.203627e+00	-1.088128e+01
2.203832e+00	-1.087844e+01
2.204038e+00	-1.087557e+01
2.204244e+00	-1.087268e+01
2.204450e+00	-1.086976e+01
2.204656e+00	-1.086682e+01
2.204861e+00	-1.086385e+01
2.205067e+00	-1.086086e+01
2.205273e+00	-1.085784e+01
2.205479e+00	-1.085480e+01
2.205685e+00	-1.085173e+01
2.205891e+00	-1.084864e+01
2.206283e+00	-1.084267e+01
2.206479e+00	-1.083966e+01
2.206675e+00	-1.083663e+01
2.207067e+00	-1.083049e+01
2.207460e+00	-1.082426e+01
2.207656e+00	-1.082112e+01
2.207852e+00	-1.081795e+01
2.208244e+00	-1.081156e+01
2.208637e+00	-1.080507e+01
2.209029e+00	-1.079851e+01
2.209421e+00	-1.079186e+01
2.209814e+00	-1.078512e+01
2.210206e+00	-1.077831e+01
2.210598e+00	-1.077141e+01
2.210991e+00	-1.076443e+01
2.211383e+00	-1.075737e+01
2.211775e+00	-1.075023e+01
2.212167e+00	-1.074302e+01
2.212389e+00	-1.073890e+01
2.212611e+00	-1.073476e+01
2.212833e+00	-1.073060e+01
2.213054e+00	-1.072641e+01
2.213498e+00	-1.071796e+01
2.213941e+00	-1.070942e+01
2.214385e+00	-1.070078e+01
2.214828e+00	-1.069204e+01
2.215271e+00	-1.068321e+01
2.215715e+00	-1.067429e+01
2.216158e+00	-1.066527e+01
2.216602e+00	-1.065616e+01
2.217045e+00	-1.064697e+01
2.217489e+00	-1.063768e+01
2.217932e+00	-1.062831e+01
2.218376e+00	-1.061885e+01
2.218819e+00	-1.060931e+01
2.219262e+00	-1.059968e+01
2.219655e+00	-1.059109e+01
2.220047e+00	-1.058243e+01
2.220440e+00	-1.057371e+01
2.220832e+00	-1.056493e+01
2.221225e+00	-1.055608e+01
2.221617e+00	-1.054717e+01
2.222010e+00	-1.053820e+01
2.222402e+00	-1.052917e+01
2.222795e+00	-1.052008e+01
2.223188e+00	-1.051094e+01
2.223580e+00	-1.050173e+01
2.223973e+00	-1.049247e+01
2.224365e+00	-1.048315e+01
2.224758e+00	-1.047378e+01
2.225150e+00	-1.046435e+01
2.225543e+00	-1.045486e+01
2.225975e+00	-1.044436e+01
2.226407e+00	-1.043379e+01
2.226839e+00	-1.042316e+01
2.227271e+00	-1.041246e+01
2.227703e+00	-1.040171e+01
2.228136e+00	-1.039089e+01
2.228568e+00	-1.038002e+01
2.229000e+00	-1.036909e+01
2.229432e+00	-1.035809e+01
2.229864e+00	-1.034705e+01
2.230296e+00	-1.033594e+01
2.230728e+00	-1.032479e+01
2.231161e+00	-1.031358e+01
2.231593e+00	-1.030231e+01
2.232025e+00	-1.029099e+01
2.232457e+00	-1.027963e+01
2.232874e+00	-1.026862e+01
2.233290e+00	-1.025757e+01
2.233707e+00	-1.024647e+01
2.234124e+00	-1.023533e+01
2.234540e+00	-1.022415e+01
2.234957e+00	-1.021292e+01
2.235373e+00	-1.020165e+01
2.235790e+00	-1.019034e+01
2.236207e+00	-1.017899e+01
2.236623e+00	-1.016760e+01
2.237040e+00	-1.015618e+01
2.237456e+00	-1.014471e+01
2.237873e+00	-1.013321e+01
2.238290e+00	-1.012167e+01
2.238706e+00	-1.011009e+01
2.239123e+00	-1.009848e+01
2.239559e+00	-1.008629e+01
2.239995e+00	-1.007407e+01
2.240431e+00	-1.006181e+01
2.240867e+00	-1.004951e+01
2.241303e+00	-1.003718e+01
2.241739e+00	-1.002482e+01
2.242175e+00	-1.001242e+01
2.242611e+00	-9.999989e+00
2.243047e+00	-9.987529e+00
2.243483e+00	-9.975038e+00
2.244355e+00	-9.949968e+00
2.244791e+00	-9.937390e+00
2.245227e+00	-9.924785e+00
2.245663e+00	-9.912153e+00
2.246099e+00	-9.899495e+00
2.246852e+00	-9.877568e+00
2.247605e+00	-9.855568e+00
2.248359e+00	-9.833500e+00
2.249112e+00	-9.811367e+00
2.249865e+00	-9.789172e+00
2.250618e+00	-9.766920e+00
2.251371e+00	-9.744612e+00
2.252125e+00	-9.722253e+00
2.253026e+00	-9.695425e+00
2.253928e+00	-9.668533e+00
2.254830e+00	-9.641582e+00
2.255731e+00	-9.614577e+00
2.256633e+00	-9.587522e+00
2.257534e+00	-9.560424e+00
2.258436e+00	-9.533285e+00
2.259338e+00	-9.506112e+00
2.260106e+00	-9.482917e+00
2.260875e+00	-9.459702e+00
2.262413e+00	-9.413224e+00
2.263950e+00	-9.366696e+00
2.265488e+00	-9.320137e+00
2.267329e+00	-9.264366e+00
2.269171e+00	-9.208605e+00
2.271012e+00	-9.152882e+00
2.271933e+00	-9.125041e+00
2.272853e+00	-9.097219e+00
2.273606e+00	-9.074488e+00
2.274359e+00	-9.051772e+00
2.275864e+00	-9.006393e+00
2.276617e+00	-8.983732e+00
2.277369e+00	-8.961092e+00
2.278122e+00	-8.938475e+00
2.278875e+00	-8.915881e+00
2.279736e+00	-8.890052e+00
2.280598e+00	-8.864257e+00
2.281459e+00	-8.838498e+00
2.282321e+00	-8.812776e+00
2.283182e+00	-8.787093e+00
2.284044e+00	-8.761450e+00
2.284905e+00	-8.735848e+00
2.285767e+00	-8.710289e+00
2.286630e+00	-8.684742e+00
2.287492e+00	-8.659241e+00
2.288355e+00	-8.633786e+00
2.289217e+00	-8.608379e+00
2.290080e+00	-8.583021e+00
2.290942e+00	-8.557712e+00
2.291805e+00	-8.532453e+00
2.292668e+00	-8.507246e+00
2.293527e+00	-8.482186e+00
2.294386e+00	-8.457178e+00
2.295246e+00	-8.432224e+00
2.296105e+00	-8.407324e+00
2.296964e+00	-8.382478e+00
2.297824e+00	-8.357687e+00
2.298683e+00	-8.332953e+00
2.299542e+00	-8.308274e+00
2.300390e+00	-8.283988e+00
2.301238e+00	-8.259757e+00
2.302085e+00	-8.235582e+00
2.302933e+00	-8.211463e+00
2.303781e+00	-8.187401e+00
2.304628e+00	-8.163397e+00
2.305476e+00	-8.139449e+00
2.306324e+00	-8.115559e+00
2.307075e+00	-8.094418e+00
2.307827e+00	-8.073322e+00
2.308579e+00	-8.052273e+00
2.309331e+00	-8.031269e+00
2.310083e+00	-8.010311e+00
2.310835e+00	-7.989399e+00
2.311586e+00	-7.968533e+00
2.312338e+00	-7.947713e+00
2.313179e+00	-7.924481e+00
2.314020e+00	-7.901307e+00
2.314861e+00	-7.878190e+00
2.315702e+00	-7.855131e+00
2.316543e+00	-7.832130e+00
2.317384e+00	-7.809187e+00
2.318225e+00	-7.786301e+00
2.319066e+00	-7.763473e+00
2.319910e+00	-7.740618e+00
2.320754e+00	-7.717820e+00
2.321598e+00	-7.695080e+00
2.322442e+00	-7.672398e+00
2.323286e+00	-7.649773e+00
2.324130e+00	-7.627206e+00
2.324974e+00	-7.604696e+00
2.325818e+00	-7.582243e+00
2.326702e+00	-7.558803e+00
2.327585e+00	-7.535425e+00
2.328469e+00	-7.512109e+00
2.329352e+00	-7.488854e+00
2.330236e+00	-7.465660e+00
2.331119e+00	-7.442528e+00
2.332003e+00	-7.419455e+00
2.332886e+00	-7.396444e+00
2.333704e+00	-7.375186e+00
2.334523e+00	-7.353981e+00
2.335341e+00	-7.332826e+00
2.336159e+00	-7.311722e+00
2.336977e+00	-7.290668e+00
2.337795e+00	-7.269665e+00
2.338613e+00	-7.248711e+00
2.339431e+00	-7.227807e+00
2.340304e+00	-7.205567e+00
2.341177e+00	-7.183382e+00
2.342049e+00	-7.161252e+00
2.342922e+00	-7.139177e+00
2.343795e+00	-7.117158e+00
2.344667e+00	-7.095192e+00
2.345540e+00	-7.073281e+00
2.346413e+00	-7.051423e+00
2.347248e+00	-7.030535e+00
2.348084e+00	-7.009695e+00
2.348920e+00	-6.988904e+00
2.349756e+00	-6.968161e+00
2.350592e+00	-6.947465e+00
2.351428e+00	-6.926816e+00
2.352264e+00	-6.906215e+00
2.353100e+00	-6.885660e+00
2.353946e+00	-6.864902e+00
2.354792e+00	-6.844190e+00
2.355638e+00	-6.823526e+00
2.356484e+00	-6.802907e+00
2.357330e+00	-6.782335e+00
2.358176e+00	-6.761808e+00
2.359023e+00	-6.741326e+00
2.359869e+00	-6.720889e+00
2.360678e+00	-6.701392e+00
2.361487e+00	-6.681936e+00
2.362295e+00	-6.662519e+00
2.363104e+00	-6.643143e+00
2.363913e+00	-6.623805e+00
2.364722e+00	-6.604508e+00
2.365531e+00	-6.585249e+00
2.366340e+00	-6.566029e+00
2.367155e+00	-6.546713e+00
2.367969e+00	-6.527437e+00
2.368784e+00	-6.508198e+00
2.369598e+00	-6.488997e+00
2.370413e+00	-6.469835e+00
2.371228e+00	-6.450709e+00
2.372042e+00	-6.431621e+00
2.372857e+00	-6.412569e+00
2.373653e+00	-6.393984e+00
2.374449e+00	-6.375434e+00
2.375245e+00	-6.356918e+00
2.376041e+00	-6.338436e+00
2.376838e+00	-6.319988e+00
2.377634e+00	-6.301573e+00
2.378430e+00	-6.283192e+00
2.379226e+00	-6.264845e+00
2.380146e+00	-6.243681e+00
2.381066e+00	-6.222561e+00
2.381987e+00	-6.201484e+00
2.382907e+00	-6.180450e+00
2.383827e+00	-6.159458e+00
2.384747e+00	-6.138509e+00
2.385667e+00	-6.117601e+00
2.386587e+00	-6.096735e+00
2.387415e+00	-6.078001e+00
2.388243e+00	-6.059300e+00
2.389070e+00	-6.040631e+00
2.389898e+00	-6.021995e+00
2.390726e+00	-6.003392e+00
2.391554e+00	-5.984820e+00
2.392381e+00	-5.966281e+00
2.393209e+00	-5.947773e+00
2.394032e+00	-5.929394e+00
2.394856e+00	-5.911046e+00
2.395679e+00	-5.892728e+00
2.396502e+00	-5.874441e+00
2.397325e+00	-5.856184e+00
2.398149e+00	-5.837957e+00
2.398972e+00	-5.819760e+00
2.399795e+00	-5.801592e+00
2.400650e+00	-5.782758e+00
2.401505e+00	-5.763956e+00
2.402360e+00	-5.745185e+00
2.403215e+00	-5.726445e+00
2.404070e+00	-5.707736e+00
2.404925e+00	-5.689057e+00
2.405780e+00	-5.670409e+00
2.406635e+00	-5.651792e+00
2.407464e+00	-5.633769e+00
2.408293e+00	-5.615774e+00
2.409122e+00	-5.597808e+00
2.409950e+00	-5.579869e+00
2.410779e+00	-5.561958e+00
2.411608e+00	-5.544074e+00
2.412023e+00	-5.535143e+00
2.412230e+00	-5.530680e+00
2.412437e+00	-5.526218e+00
2.412644e+00	-5.521758e+00
2.412748e+00	-5.518748e+00
2.412852e+00	-5.516519e+00
2.412955e+00	-5.514291e+00
2.413059e+00	-5.512063e+00
2.413266e+00	-5.507609e+00
2.413662e+00	-5.499109e+00
2.414057e+00	-5.490616e+00
2.414849e+00	-5.473647e+00
2.415640e+00	-5.456703e+00
2.416431e+00	-5.439784e+00
2.417223e+00	-5.422888e+00
2.418014e+00	-5.406017e+00
2.418805e+00	-5.389170e+00
2.419596e+00	-5.372347e+00
2.420472e+00	-5.353760e+00
2.421348e+00	-5.335202e+00
2.422223e+00	-5.316674e+00
2.423099e+00	-5.298174e+00
2.423974e+00	-5.279703e+00
2.424850e+00	-5.261260e+00
2.425725e+00	-5.242846e+00
2.426601e+00	-5.224460e+00
2.427371e+00	-5.208303e+00
2.428142e+00	-5.192167e+00
2.428912e+00	-5.176053e+00
2.429683e+00	-5.159961e+00
2.430454e+00	-5.143890e+00
2.431224e+00	-5.127841e+00
2.431995e+00	-5.111814e+00
2.432765e+00	-5.095808e+00
2.433683e+00	-5.076765e+00
2.434601e+00	-5.057752e+00
2.435520e+00	-5.038769e+00
2.436438e+00	-5.019817e+00
2.437356e+00	-5.000895e+00
2.438274e+00	-4.982003e+00
2.439192e+00	-4.963141e+00
2.440110e+00	-4.944309e+00
2.440912e+00	-4.927891e+00
2.441713e+00	-4.911497e+00
2.442515e+00	-4.895125e+00
2.443316e+00	-4.878775e+00
2.444118e+00	-4.862449e+00
2.444920e+00	-4.846145e+00
2.445721e+00	-4.829864e+00
2.446523e+00	-4.813605e+00
2.447366e+00	-4.796521e+00
2.448210e+00	-4.779461e+00
2.449053e+00	-4.762427e+00
2.449897e+00	-4.745417e+00
2.450740e+00	-4.728433e+00
2.451584e+00	-4.711473e+00
2.452427e+00	-4.694538e+00
2.453271e+00	-4.677629e+00
2.454064e+00	-4.661757e+00
2.454857e+00	-4.645907e+00
2.455649e+00	-4.630079e+00
2.456442e+00	-4.614274e+00
2.457235e+00	-4.598490e+00
2.458028e+00	-4.582729e+00
2.458821e+00	-4.566989e+00
2.459614e+00	-4.551272e+00
2.460475e+00	-4.534232e+00
2.461336e+00	-4.517219e+00
2.462196e+00	-4.500231e+00
2.463057e+00	-4.483270e+00
2.463918e+00	-4.466335e+00
2.464779e+00	-4.449426e+00
2.465640e+00	-4.432544e+00
2.466501e+00	-4.415687e+00
2.467303e+00	-4.399999e+00
2.468106e+00	-4.384334e+00
2.468908e+00	-4.368691e+00
2.469710e+00	-4.353072e+00
2.470513e+00	-4.337475e+00
2.471315e+00	-4.321902e+00
2.472118e+00	-4.306351e+00
2.472920e+00	-4.290824e+00
2.473821e+00	-4.273418e+00
2.474722e+00	-4.256042e+00
2.475623e+00	-4.238695e+00
2.476524e+00	-4.221377e+00
2.477425e+00	-4.204088e+00
2.478326e+00	-4.186829e+00
2.479226e+00	-4.169600e+00
2.480127e+00	-4.152400e+00
2.480735e+00	-4.140810e+00
2.481343e+00	-4.129234e+00
2.481951e+00	-4.117671e+00
2.482559e+00	-4.106121e+00
2.483167e+00	-4.094586e+00
2.483775e+00	-4.083064e+00
2.484383e+00	-4.071555e+00
2.484991e+00	-4.060060e+00
2.485599e+00	-4.048579e+00
2.486207e+00	-4.037111e+00
2.486815e+00	-4.025658e+00
2.487423e+00	-4.014218e+00
2.488031e+00	-4.002791e+00
2.488639e+00	-3.991379e+00
2.489247e+00	-3.979980e+00
2.489855e+00	-3.968595e+00
2.490463e+00	-3.957224e+00
2.491071e+00	-3.945867e+00
2.491679e+00	-3.934524e+00
2.492286e+00	-3.923194e+00
2.492894e+00	-3.911879e+00
2.493502e+00	-3.900578e+00
2.494110e+00	-3.889290e+00
2.494718e+00	-3.878017e+00
2.495326e+00	-3.866757e+00
2.495934e+00	-3.855512e+00
2.496542e+00	-3.844281e+00
2.497150e+00	-3.833064e+00
2.497758e+00	-3.821861e+00
2.498366e+00	-3.810672e+00
2.498974e+00	-3.799497e+00
2.499582e+00	-3.788337e+00
2.500000e+00	-3.780671e+00
