5.000000e-01	3.646265e+00
5.004181e-01	3.647414e+00
5.012250e-01	3.649640e+00
5.020320e-01	3.651876e+00
5.024355e-01	3.652997e+00
5.028390e-01	3.654120e+00
5.036460e-01	3.656373e+00
5.040495e-01	3.657504e+00
5.044530e-01	3.658636e+00
5.048565e-01	3.659771e+00
5.052600e-01	3.660908e+00
5.060670e-01	3.663188e+00
5.068739e-01	3.665478e+00
5.072879e-01	3.666657e+00
5.077020e-01	3.667838e+00
5.085300e-01	3.670207e+00
5.089440e-01	3.671395e+00
5.093580e-01	3.672586e+00
5.097720e-01	3.673779e+00
5.101860e-01	3.674974e+00
5.110140e-01	3.677373e+00
5.118421e-01	3.679781e+00
5.122561e-01	3.680989e+00
5.126701e-01	3.682199e+00
5.134981e-01	3.684627e+00
5.139196e-01	3.685867e+00
5.143411e-01	3.687109e+00
5.151840e-01	3.689602e+00
5.156055e-01	3.690852e+00
5.160270e-01	3.692104e+00
5.164484e-01	3.693360e+00
5.168699e-01	3.694618e+00
5.177129e-01	3.697141e+00
5.185558e-01	3.699675e+00
5.189773e-01	3.700946e+00
5.193988e-01	3.702220e+00
5.198203e-01	3.703496e+00
5.202417e-01	3.704775e+00
5.210667e-01	3.707286e+00
5.214792e-01	3.708545e+00
5.218916e-01	3.709807e+00
5.227166e-01	3.712338e+00
5.235415e-01	3.714879e+00
5.239540e-01	3.716153e+00
5.243665e-01	3.717430e+00
5.247790e-01	3.718710e+00
5.251914e-01	3.719992e+00
5.260164e-01	3.722564e+00
5.264288e-01	3.723854e+00
5.268413e-01	3.725146e+00
5.276170e-01	3.727583e+00
5.283926e-01	3.730030e+00
5.291682e-01	3.732485e+00
5.299439e-01	3.734950e+00
5.307195e-01	3.737424e+00
5.314951e-01	3.739908e+00
5.322707e-01	3.742400e+00
5.330464e-01	3.744902e+00
5.334757e-01	3.746291e+00
5.339050e-01	3.747682e+00
5.343342e-01	3.749077e+00
5.347635e-01	3.750474e+00
5.356221e-01	3.753277e+00
5.364807e-01	3.756092e+00
5.369100e-01	3.757503e+00
5.373393e-01	3.758918e+00
5.377686e-01	3.760335e+00
5.381978e-01	3.761756e+00
5.390564e-01	3.764605e+00
5.394857e-01	3.766034e+00
5.399150e-01	3.767466e+00
5.407607e-01	3.770296e+00
5.416065e-01	3.773137e+00
5.420293e-01	3.774562e+00
5.424522e-01	3.775989e+00
5.428751e-01	3.777420e+00
5.432979e-01	3.778853e+00
5.441437e-01	3.781728e+00
5.449894e-01	3.784615e+00
5.454123e-01	3.786063e+00
5.458351e-01	3.787513e+00
5.466809e-01	3.790423e+00
5.471173e-01	3.791929e+00
5.475537e-01	3.793438e+00
5.484266e-01	3.796465e+00
5.488631e-01	3.797984e+00
5.492995e-01	3.799505e+00
5.497359e-01	3.801030e+00
5.501724e-01	3.802558e+00
5.510452e-01	3.805622e+00
5.519181e-01	3.808700e+00
5.523545e-01	3.810243e+00
5.527910e-01	3.811789e+00
5.532274e-01	3.813339e+00
5.536639e-01	3.814891e+00
5.544878e-01	3.817831e+00
5.553118e-01	3.820782e+00
5.561358e-01	3.823745e+00
5.569597e-01	3.826719e+00
5.577837e-01	3.829703e+00
5.586076e-01	3.832700e+00
5.594316e-01	3.835707e+00
5.602556e-01	3.838726e+00
5.606919e-01	3.840330e+00
5.611282e-01	3.841936e+00
5.620007e-01	3.845158e+00
5.624370e-01	3.846774e+00
5.628733e-01	3.848394e+00
5.633096e-01	3.850016e+00
5.637459e-01	3.851642e+00
5.646185e-01	3.854903e+00
5.654911e-01	3.858177e+00
5.659274e-01	3.859819e+00
5.663637e-01	3.861464e+00
5.668000e-01	3.863112e+00
5.672363e-01	3.864764e+00
5.680346e-01	3.867794e+00
5.688330e-01	3.870836e+00
5.696313e-01	3.873888e+00
5.704296e-01	3.876952e+00
5.712280e-01	3.880026e+00
5.720263e-01	3.883112e+00
5.728247e-01	3.886208e+00
5.736230e-01	3.889316e+00
5.744256e-01	3.892451e+00
5.752282e-01	3.895598e+00
5.760309e-01	3.898756e+00
5.768335e-01	3.901925e+00
5.776361e-01	3.905106e+00
5.784387e-01	3.908297e+00
5.792413e-01	3.911501e+00
5.800440e-01	3.914715e+00
5.804849e-01	3.916486e+00
5.809259e-01	3.918260e+00
5.818078e-01	3.921819e+00
5.822487e-01	3.923604e+00
5.826897e-01	3.925392e+00
5.831307e-01	3.927184e+00
5.835716e-01	3.928979e+00
5.844535e-01	3.932580e+00
5.853354e-01	3.936194e+00
5.857764e-01	3.938007e+00
5.862173e-01	3.939822e+00
5.866583e-01	3.941642e+00
5.870993e-01	3.943465e+00
5.879204e-01	3.946869e+00
5.887414e-01	3.950285e+00
5.895625e-01	3.953713e+00
5.903836e-01	3.957153e+00
5.912047e-01	3.960606e+00
5.920258e-01	3.964070e+00
5.928469e-01	3.967547e+00
5.936680e-01	3.971037e+00
5.941084e-01	3.972913e+00
5.945489e-01	3.974794e+00
5.954297e-01	3.978565e+00
5.958701e-01	3.980456e+00
5.963106e-01	3.982350e+00
5.967510e-01	3.984248e+00
5.971914e-01	3.986150e+00
5.980723e-01	3.989964e+00
5.989531e-01	3.993792e+00
5.993935e-01	3.995712e+00
5.998340e-01	3.997635e+00
6.007148e-01	4.001492e+00
6.014795e-01	4.004852e+00
6.022441e-01	4.008223e+00
6.030087e-01	4.011604e+00
6.037734e-01	4.014997e+00
6.045380e-01	4.018400e+00
6.053027e-01	4.021815e+00
6.060673e-01	4.025240e+00
6.068320e-01	4.028676e+00
6.076417e-01	4.032327e+00
6.084515e-01	4.035991e+00
6.092613e-01	4.039667e+00
6.100710e-01	4.043355e+00
6.108808e-01	4.047056e+00
6.116906e-01	4.050769e+00
6.125004e-01	4.054494e+00
6.133101e-01	4.058232e+00
6.141793e-01	4.062259e+00
6.150486e-01	4.066300e+00
6.159178e-01	4.070355e+00
6.167870e-01	4.074425e+00
6.176562e-01	4.078509e+00
6.185254e-01	4.082608e+00
6.193946e-01	4.086721e+00
6.202639e-01	4.090849e+00
6.211155e-01	4.094908e+00
6.219670e-01	4.098980e+00
6.228186e-01	4.103067e+00
6.236702e-01	4.107168e+00
6.245218e-01	4.111282e+00
6.253734e-01	4.115411e+00
6.262250e-01	4.119555e+00
6.270766e-01	4.123712e+00
6.279441e-01	4.127961e+00
6.288115e-01	4.132226e+00
6.296790e-01	4.136505e+00
6.305465e-01	4.140799e+00
6.314140e-01	4.145108e+00
6.322814e-01	4.149431e+00
6.331489e-01	4.153770e+00
6.340164e-01	4.158124e+00
6.347780e-01	4.161959e+00
6.355397e-01	4.165805e+00
6.363014e-01	4.169663e+00
6.370630e-01	4.173533e+00
6.378247e-01	4.177414e+00
6.385863e-01	4.181307e+00
6.393480e-01	4.185211e+00
6.401097e-01	4.189127e+00
6.409837e-01	4.193636e+00
6.418578e-01	4.198160e+00
6.427319e-01	4.202699e+00
6.436060e-01	4.207254e+00
6.444801e-01	4.211824e+00
6.453542e-01	4.216410e+00
6.462283e-01	4.221012e+00
6.471024e-01	4.225629e+00
6.478946e-01	4.229826e+00
6.486867e-01	4.234037e+00
6.494789e-01	4.238260e+00
6.502710e-01	4.242496e+00
6.510632e-01	4.246745e+00
6.518553e-01	4.251007e+00
6.526475e-01	4.255282e+00
6.534396e-01	4.259570e+00
6.543325e-01	4.264419e+00
6.552254e-01	4.269284e+00
6.561183e-01	4.274166e+00
6.570112e-01	4.279064e+00
6.579041e-01	4.283979e+00
6.587970e-01	4.288911e+00
6.596899e-01	4.293859e+00
6.605828e-01	4.298824e+00
6.614592e-01	4.303713e+00
6.623355e-01	4.308618e+00
6.632119e-01	4.313539e+00
6.640882e-01	4.318477e+00
6.649646e-01	4.323431e+00
6.658409e-01	4.328401e+00
6.667172e-01	4.333387e+00
6.675936e-01	4.338390e+00
6.684171e-01	4.343105e+00
6.692405e-01	4.347835e+00
6.700640e-01	4.352580e+00
6.708875e-01	4.357339e+00
6.717110e-01	4.362113e+00
6.725345e-01	4.366901e+00
6.733579e-01	4.371703e+00
6.741814e-01	4.376521e+00
6.750188e-01	4.381435e+00
6.758563e-01	4.386364e+00
6.766937e-01	4.391308e+00
6.775311e-01	4.396267e+00
6.783686e-01	4.401242e+00
6.792060e-01	4.406232e+00
6.800434e-01	4.411237e+00
6.808809e-01	4.416258e+00
6.816942e-01	4.421148e+00
6.825075e-01	4.426053e+00
6.833208e-01	4.430973e+00
6.841341e-01	4.435907e+00
6.849473e-01	4.440855e+00
6.857606e-01	4.445819e+00
6.865739e-01	4.450797e+00
6.873872e-01	4.455789e+00
6.882626e-01	4.461179e+00
6.891379e-01	4.466585e+00
6.900132e-01	4.472009e+00
6.908885e-01	4.477450e+00
6.917638e-01	4.482908e+00
6.926392e-01	4.488383e+00
6.935145e-01	4.493876e+00
6.943898e-01	4.499385e+00
6.951640e-01	4.504273e+00
6.959382e-01	4.509174e+00
6.967125e-01	4.514089e+00
6.974867e-01	4.519017e+00
6.982609e-01	4.523959e+00
6.990351e-01	4.528915e+00
6.998093e-01	4.533884e+00
7.005835e-01	4.538867e+00
7.013793e-01	4.544003e+00
7.021750e-01	4.549153e+00
7.029707e-01	4.554318e+00
7.037664e-01	4.559498e+00
7.045622e-01	4.564692e+00
7.053579e-01	4.569900e+00
7.061536e-01	4.575124e+00
7.069494e-01	4.580362e+00
7.078859e-01	4.586545e+00
7.088224e-01	4.592750e+00
7.097589e-01	4.598974e+00
7.106954e-01	4.605219e+00
7.116319e-01	4.611485e+00
7.125684e-01	4.617771e+00
7.135049e-01	4.624078e+00
7.144414e-01	4.630406e+00
7.152740e-01	4.636049e+00
7.161065e-01	4.641709e+00
7.169390e-01	4.647384e+00
7.177716e-01	4.653077e+00
7.186041e-01	4.658786e+00
7.194367e-01	4.664512e+00
7.202692e-01	4.670254e+00
7.211018e-01	4.676013e+00
7.218767e-01	4.681388e+00
7.226516e-01	4.686778e+00
7.234265e-01	4.692183e+00
7.242014e-01	4.697602e+00
7.249763e-01	4.703036e+00
7.257512e-01	4.708484e+00
7.265261e-01	4.713948e+00
7.273010e-01	4.719425e+00
7.281934e-01	4.725752e+00
7.290858e-01	4.732098e+00
7.299782e-01	4.738464e+00
7.308706e-01	4.744850e+00
7.317630e-01	4.751256e+00
7.326553e-01	4.757681e+00
7.335477e-01	4.764126e+00
7.344401e-01	4.770591e+00
7.351987e-01	4.776103e+00
7.359572e-01	4.781628e+00
7.367157e-01	4.787169e+00
7.374743e-01	4.792723e+00
7.382328e-01	4.798293e+00
7.389914e-01	4.803877e+00
7.397499e-01	4.809475e+00
7.405085e-01	4.815089e+00
7.413630e-01	4.821430e+00
7.422175e-01	4.827790e+00
7.430721e-01	4.834169e+00
7.439266e-01	4.840567e+00
7.447812e-01	4.846983e+00
7.456357e-01	4.853419e+00
7.464903e-01	4.859874e+00
7.473448e-01	4.866347e+00
7.481731e-01	4.872640e+00
7.490014e-01	4.878951e+00
7.498297e-01	4.885280e+00
7.506580e-01	4.891627e+00
7.514863e-01	4.897992e+00
7.523146e-01	4.904375e+00
7.531429e-01	4.910777e+00
7.539712e-01	4.917196e+00
7.548789e-01	4.924252e+00
7.557865e-01	4.931330e+00
7.566942e-01	4.938430e+00
7.576018e-01	4.945551e+00
7.585095e-01	4.952696e+00
7.594171e-01	4.959862e+00
7.603248e-01	4.967051e+00
7.612324e-01	4.974262e+00
7.620424e-01	4.980716e+00
7.628523e-01	4.987188e+00
7.636622e-01	4.993678e+00
7.644722e-01	5.000185e+00
7.652821e-01	5.006711e+00
7.660920e-01	5.013255e+00
7.669020e-01	5.019817e+00
7.677119e-01	5.026398e+00
7.684794e-01	5.032650e+00
7.692468e-01	5.038918e+00
7.700143e-01	5.045203e+00
7.707817e-01	5.051505e+00
7.715492e-01	5.057823e+00
7.723167e-01	5.064158e+00
7.730841e-01	5.070509e+00
7.738516e-01	5.076877e+00
7.747047e-01	5.083975e+00
7.755579e-01	5.091094e+00
7.764111e-01	5.098234e+00
7.772642e-01	5.105395e+00
7.781174e-01	5.112576e+00
7.789706e-01	5.119779e+00
7.798237e-01	5.127002e+00
7.806769e-01	5.134246e+00
7.815676e-01	5.141832e+00
7.824584e-01	5.149441e+00
7.833491e-01	5.157072e+00
7.842398e-01	5.164727e+00
7.851306e-01	5.172405e+00
7.860213e-01	5.180106e+00
7.869120e-01	5.187830e+00
7.878028e-01	5.195578e+00
7.885724e-01	5.202291e+00
7.893421e-01	5.209021e+00
7.901117e-01	5.215769e+00
7.908814e-01	5.222534e+00
7.916510e-01	5.229317e+00
7.924207e-01	5.236118e+00
7.931903e-01	5.242936e+00
7.939600e-01	5.249771e+00
7.948586e-01	5.257775e+00
7.957573e-01	5.265803e+00
7.966560e-01	5.273855e+00
7.975547e-01	5.281931e+00
7.984533e-01	5.290031e+00
7.993520e-01	5.298156e+00
8.002507e-01	5.306305e+00
8.011493e-01	5.314478e+00
8.020015e-01	5.322250e+00
8.028537e-01	5.330045e+00
8.037058e-01	5.337861e+00
8.045580e-01	5.345699e+00
8.054102e-01	5.353559e+00
8.062623e-01	5.361441e+00
8.071145e-01	5.369345e+00
8.079667e-01	5.377271e+00
8.088055e-01	5.385094e+00
8.096444e-01	5.392939e+00
8.104832e-01	5.400805e+00
8.113221e-01	5.408692e+00
8.121609e-01	5.416601e+00
8.129998e-01	5.424531e+00
8.138386e-01	5.432482e+00
8.146775e-01	5.440454e+00
8.154351e-01	5.447672e+00
8.161926e-01	5.454908e+00
8.169502e-01	5.462161e+00
8.177078e-01	5.469431e+00
8.184654e-01	5.476718e+00
8.192229e-01	5.484023e+00
8.199805e-01	5.491345e+00
8.207381e-01	5.498684e+00
8.215686e-01	5.506749e+00
8.223990e-01	5.514834e+00
8.232295e-01	5.522940e+00
8.240599e-01	5.531068e+00
8.248904e-01	5.539215e+00
8.257208e-01	5.547383e+00
8.265513e-01	5.555571e+00
8.273817e-01	5.563779e+00
8.282312e-01	5.572196e+00
8.290806e-01	5.580633e+00
8.299300e-01	5.589092e+00
8.307794e-01	5.597572e+00
8.316288e-01	5.606073e+00
8.324782e-01	5.614594e+00
8.333276e-01	5.623137e+00
8.341770e-01	5.631699e+00
8.350560e-01	5.640582e+00
8.359350e-01	5.649486e+00
8.368139e-01	5.658412e+00
8.376929e-01	5.667360e+00
8.385719e-01	5.676329e+00
8.394508e-01	5.685320e+00
8.403298e-01	5.694332e+00
8.412088e-01	5.703365e+00
8.420564e-01	5.712095e+00
8.429041e-01	5.720845e+00
8.437517e-01	5.729615e+00
8.445994e-01	5.738403e+00
8.454470e-01	5.747210e+00
8.462947e-01	5.756036e+00
8.471423e-01	5.764880e+00
8.479900e-01	5.773742e+00
8.488230e-01	5.782469e+00
8.496560e-01	5.791213e+00
8.504890e-01	5.799974e+00
8.513220e-01	5.808752e+00
8.521550e-01	5.817547e+00
8.529880e-01	5.826358e+00
8.538210e-01	5.835185e+00
8.546540e-01	5.844029e+00
8.554830e-01	5.852846e+00
8.563121e-01	5.861678e+00
8.571411e-01	5.870526e+00
8.579701e-01	5.879388e+00
8.587991e-01	5.888265e+00
8.596282e-01	5.897157e+00
8.604572e-01	5.906063e+00
8.612862e-01	5.914983e+00
8.621059e-01	5.923816e+00
8.629256e-01	5.932662e+00
8.637453e-01	5.941520e+00
8.645650e-01	5.950392e+00
8.653847e-01	5.959276e+00
8.662044e-01	5.968171e+00
8.670241e-01	5.977078e+00
8.678438e-01	5.985997e+00
8.694248e-01	6.003230e+00
8.710058e-01	6.020501e+00
8.725868e-01	6.037809e+00
8.741677e-01	6.055152e+00
8.759474e-01	6.074712e+00
8.768372e-01	6.084506e+00
8.777271e-01	6.094309e+00
8.795068e-01	6.113940e+00
8.812864e-01	6.133600e+00
8.829449e-01	6.151943e+00
8.846033e-01	6.170306e+00
8.862617e-01	6.188685e+00
8.879201e-01	6.207077e+00
8.896565e-01	6.226343e+00
8.913929e-01	6.245617e+00
8.948657e-01	6.284169e+00
8.979143e-01	6.317998e+00
8.994385e-01	6.334901e+00
9.009628e-01	6.351793e+00
9.026885e-01	6.370900e+00
9.044143e-01	6.389987e+00
9.061400e-01	6.409049e+00
9.078657e-01	6.428083e+00
9.095383e-01	6.446501e+00
9.112109e-01	6.464886e+00
9.120471e-01	6.474065e+00
9.128834e-01	6.483235e+00
9.145560e-01	6.501546e+00
9.153829e-01	6.510583e+00
9.162099e-01	6.519611e+00
9.170368e-01	6.528627e+00
9.178637e-01	6.537632e+00
9.186907e-01	6.546626e+00
9.195176e-01	6.555608e+00
9.203446e-01	6.564578e+00
9.211715e-01	6.573535e+00
9.220520e-01	6.583059e+00
9.229325e-01	6.592567e+00
9.238130e-01	6.602061e+00
9.246935e-01	6.611539e+00
9.255740e-01	6.621001e+00
9.264545e-01	6.630447e+00
9.273349e-01	6.639876e+00
9.282154e-01	6.649289e+00
9.289982e-01	6.657643e+00
9.297811e-01	6.665983e+00
9.305639e-01	6.674310e+00
9.313467e-01	6.682622e+00
9.321295e-01	6.690919e+00
9.329123e-01	6.699202e+00
9.336951e-01	6.707471e+00
9.344779e-01	6.715724e+00
9.353491e-01	6.724892e+00
9.362203e-01	6.734040e+00
9.370915e-01	6.743169e+00
9.379627e-01	6.752279e+00
9.388339e-01	6.761369e+00
9.397051e-01	6.770440e+00
9.405762e-01	6.779490e+00
9.414474e-01	6.788520e+00
9.422860e-01	6.797193e+00
9.431246e-01	6.805846e+00
9.439632e-01	6.814481e+00
9.448018e-01	6.823096e+00
9.456404e-01	6.831691e+00
9.464790e-01	6.840267e+00
9.473176e-01	6.848822e+00
9.481562e-01	6.857358e+00
9.490325e-01	6.866256e+00
9.499088e-01	6.875131e+00
9.507850e-01	6.883984e+00
9.516613e-01	6.892815e+00
9.525376e-01	6.901623e+00
9.534138e-01	6.910409e+00
9.542901e-01	6.919172e+00
9.551664e-01	6.927912e+00
9.559544e-01	6.935752e+00
9.567424e-01	6.943573e+00
9.575303e-01	6.951376e+00
9.583183e-01	6.959160e+00
9.591063e-01	6.966925e+00
9.598943e-01	6.974671e+00
9.606823e-01	6.982398e+00
9.614703e-01	6.990106e+00
9.623208e-01	6.998405e+00
9.631713e-01	7.006681e+00
9.640217e-01	7.014935e+00
9.648722e-01	7.023166e+00
9.657227e-01	7.031376e+00
9.665732e-01	7.039563e+00
9.674237e-01	7.047727e+00
9.682742e-01	7.055869e+00
9.690715e-01	7.063482e+00
9.698688e-01	7.071075e+00
9.706662e-01	7.078648e+00
9.714635e-01	7.086202e+00
9.722608e-01	7.093735e+00
9.730581e-01	7.101249e+00
9.738555e-01	7.108743e+00
9.746528e-01	7.116217e+00
9.754723e-01	7.123879e+00
9.762918e-01	7.131519e+00
9.771113e-01	7.139139e+00
9.779308e-01	7.146737e+00
9.787504e-01	7.154315e+00
9.795699e-01	7.161872e+00
9.803894e-01	7.169407e+00
9.812089e-01	7.176922e+00
9.820759e-01	7.184849e+00
9.829428e-01	7.192753e+00
9.838098e-01	7.200634e+00
9.846767e-01	7.208491e+00
9.855437e-01	7.216325e+00
9.864107e-01	7.224135e+00
9.872776e-01	7.231922e+00
9.881446e-01	7.239686e+00
9.889700e-01	7.247057e+00
9.897954e-01	7.254406e+00
9.906209e-01	7.261735e+00
9.914463e-01	7.269042e+00
9.922717e-01	7.276329e+00
9.930972e-01	7.283595e+00
9.939226e-01	7.290839e+00
9.947480e-01	7.298064e+00
9.956453e-01	7.305893e+00
9.965425e-01	7.313697e+00
9.974398e-01	7.321477e+00
9.983370e-01	7.329233e+00
9.992343e-01	7.336965e+00
1.000132e+00	7.344672e+00
1.001029e+00	7.352355e+00
1.001926e+00	7.360013e+00
1.002743e+00	7.366966e+00
1.003560e+00	7.373899e+00
1.004377e+00	7.380813e+00
1.005194e+00	7.387706e+00
1.006011e+00	7.394579e+00
1.006828e+00	7.401433e+00
1.007645e+00	7.408267e+00
1.008463e+00	7.415081e+00
1.009335e+00	7.422334e+00
1.010207e+00	7.429564e+00
1.011079e+00	7.436772e+00
1.011951e+00	7.443958e+00
1.012824e+00	7.451121e+00
1.013696e+00	7.458263e+00
1.014568e+00	7.465382e+00
1.015440e+00	7.472479e+00
1.016243e+00	7.478993e+00
1.017046e+00	7.485488e+00
1.017849e+00	7.491965e+00
1.018652e+00	7.498423e+00
1.019455e+00	7.504863e+00
1.020258e+00	7.511285e+00
1.021061e+00	7.517688e+00
1.021864e+00	7.524073e+00
1.022732e+00	7.530956e+00
1.023600e+00	7.537819e+00
1.024468e+00	7.544661e+00
1.025336e+00	7.551481e+00
1.026205e+00	7.558280e+00
1.027073e+00	7.565058e+00
1.027941e+00	7.571816e+00
1.028809e+00	7.578552e+00
1.029612e+00	7.584764e+00
1.030415e+00	7.590958e+00
1.031218e+00	7.597134e+00
1.032021e+00	7.603293e+00
1.032825e+00	7.609434e+00
1.033628e+00	7.615557e+00
1.034431e+00	7.621663e+00
1.035234e+00	7.627751e+00
1.036055e+00	7.633958e+00
1.036876e+00	7.640148e+00
1.037697e+00	7.646319e+00
1.038518e+00	7.652472e+00
1.039339e+00	7.658607e+00
1.040160e+00	7.664724e+00
1.040981e+00	7.670823e+00
1.041803e+00	7.676904e+00
1.042617e+00	7.682917e+00
1.043431e+00	7.688912e+00
1.044245e+00	7.694890e+00
1.045060e+00	7.700851e+00
1.045874e+00	7.706794e+00
1.046688e+00	7.712720e+00
1.047503e+00	7.718628e+00
1.048317e+00	7.724519e+00
1.049194e+00	7.730844e+00
1.050071e+00	7.737150e+00
1.050948e+00	7.743435e+00
1.051825e+00	7.749701e+00
1.052702e+00	7.755947e+00
1.053579e+00	7.762174e+00
1.054456e+00	7.768380e+00
1.055333e+00	7.774567e+00
1.056172e+00	7.780471e+00
1.057012e+00	7.786357e+00
1.057851e+00	7.792225e+00
1.058690e+00	7.798075e+00
1.059530e+00	7.803908e+00
1.060369e+00	7.809723e+00
1.061209e+00	7.815520e+00
1.062048e+00	7.821300e+00
1.062849e+00	7.826800e+00
1.063650e+00	7.832285e+00
1.064452e+00	7.837753e+00
1.065253e+00	7.843206e+00
1.066054e+00	7.848643e+00
1.066855e+00	7.854064e+00
1.067656e+00	7.859469e+00
1.068458e+00	7.864859e+00
1.069346e+00	7.870818e+00
1.070235e+00	7.876758e+00
1.071123e+00	7.882678e+00
1.072012e+00	7.888580e+00
1.072900e+00	7.894462e+00
1.073789e+00	7.900325e+00
1.074677e+00	7.906170e+00
1.075566e+00	7.911995e+00
1.076324e+00	7.916949e+00
1.077082e+00	7.921890e+00
1.077840e+00	7.926816e+00
1.078598e+00	7.931729e+00
1.079356e+00	7.936629e+00
1.080114e+00	7.941514e+00
1.080871e+00	7.946387e+00
1.081629e+00	7.951245e+00
1.082536e+00	7.957041e+00
1.083443e+00	7.962817e+00
1.084350e+00	7.968574e+00
1.085257e+00	7.974312e+00
1.086164e+00	7.980031e+00
1.087071e+00	7.985731e+00
1.087977e+00	7.991411e+00
1.088884e+00	7.997073e+00
1.089684e+00	8.002052e+00
1.090484e+00	8.007016e+00
1.091284e+00	8.011966e+00
1.092085e+00	8.016901e+00
1.092885e+00	8.021822e+00
1.093685e+00	8.026727e+00
1.094485e+00	8.031619e+00
1.095285e+00	8.036495e+00
1.096110e+00	8.041511e+00
1.096936e+00	8.046511e+00
1.097761e+00	8.051496e+00
1.098587e+00	8.056466e+00
1.099412e+00	8.061420e+00
1.100237e+00	8.066359e+00
1.101063e+00	8.071282e+00
1.101888e+00	8.076191e+00
1.102729e+00	8.081176e+00
1.103570e+00	8.086146e+00
1.104411e+00	8.091100e+00
1.105252e+00	8.096038e+00
1.106093e+00	8.100961e+00
1.106934e+00	8.105867e+00
1.107775e+00	8.110759e+00
1.108616e+00	8.115634e+00
1.109486e+00	8.120662e+00
1.110356e+00	8.125672e+00
1.111226e+00	8.130666e+00
1.112096e+00	8.135643e+00
1.112966e+00	8.140604e+00
1.113836e+00	8.145548e+00
1.114706e+00	8.150476e+00
1.115576e+00	8.155388e+00
1.116431e+00	8.160199e+00
1.117286e+00	8.164995e+00
1.118141e+00	8.169774e+00
1.118996e+00	8.174538e+00
1.119851e+00	8.179287e+00
1.120706e+00	8.184019e+00
1.121561e+00	8.188736e+00
1.122416e+00	8.193437e+00
1.123191e+00	8.197686e+00
1.123967e+00	8.201921e+00
1.124742e+00	8.206144e+00
1.125517e+00	8.210354e+00
1.126292e+00	8.214552e+00
1.127067e+00	8.218737e+00
1.127842e+00	8.222908e+00
1.128617e+00	8.227068e+00
1.129495e+00	8.231761e+00
1.130372e+00	8.236437e+00
1.131250e+00	8.241097e+00
1.132127e+00	8.245742e+00
1.133004e+00	8.250370e+00
1.133882e+00	8.254982e+00
1.134759e+00	8.259578e+00
1.135636e+00	8.264158e+00
1.136449e+00	8.268385e+00
1.137261e+00	8.272598e+00
1.138074e+00	8.276798e+00
1.138886e+00	8.280984e+00
1.139699e+00	8.285156e+00
1.140511e+00	8.289315e+00
1.141323e+00	8.293460e+00
1.142136e+00	8.297592e+00
1.143010e+00	8.302022e+00
1.143884e+00	8.306436e+00
1.144758e+00	8.310835e+00
1.145632e+00	8.315218e+00
1.146506e+00	8.319586e+00
1.147380e+00	8.323938e+00
1.148254e+00	8.328274e+00
1.149128e+00	8.332596e+00
1.149884e+00	8.336320e+00
1.150640e+00	8.340033e+00
1.151396e+00	8.343735e+00
1.152152e+00	8.347425e+00
1.152908e+00	8.351103e+00
1.153663e+00	8.354771e+00
1.154419e+00	8.358426e+00
1.155175e+00	8.362071e+00
1.155639e+00	8.364301e+00
1.156103e+00	8.366527e+00
1.156566e+00	8.368749e+00
1.157030e+00	8.370967e+00
1.157958e+00	8.375389e+00
1.158885e+00	8.379795e+00
1.159349e+00	8.381991e+00
1.159813e+00	8.384183e+00
1.160277e+00	8.386371e+00
1.160740e+00	8.388554e+00
1.161668e+00	8.392909e+00
1.162132e+00	8.395079e+00
1.162596e+00	8.397246e+00
1.163345e+00	8.400736e+00
1.164093e+00	8.404215e+00
1.164842e+00	8.407683e+00
1.165591e+00	8.411140e+00
1.166340e+00	8.414586e+00
1.167089e+00	8.418021e+00
1.167838e+00	8.421445e+00
1.168587e+00	8.424858e+00
1.169440e+00	8.428731e+00
1.170293e+00	8.432590e+00
1.171145e+00	8.436435e+00
1.171998e+00	8.440266e+00
1.172851e+00	8.444083e+00
1.173703e+00	8.447886e+00
1.174556e+00	8.451675e+00
1.175409e+00	8.455450e+00
1.176273e+00	8.459261e+00
1.177137e+00	8.463059e+00
1.178001e+00	8.466842e+00
1.178866e+00	8.470611e+00
1.179730e+00	8.474366e+00
1.180594e+00	8.478107e+00
1.181458e+00	8.481833e+00
1.182323e+00	8.485546e+00
1.183125e+00	8.488979e+00
1.183927e+00	8.492399e+00
1.184729e+00	8.495808e+00
1.185531e+00	8.499205e+00
1.186333e+00	8.502589e+00
1.187135e+00	8.505962e+00
1.187937e+00	8.509322e+00
1.188739e+00	8.512671e+00
1.189196e+00	8.514575e+00
1.189654e+00	8.516475e+00
1.190568e+00	8.520265e+00
1.191026e+00	8.522153e+00
1.191483e+00	8.524038e+00
1.191941e+00	8.525919e+00
1.192398e+00	8.527797e+00
1.193313e+00	8.531539e+00
1.194228e+00	8.535267e+00
1.194685e+00	8.537125e+00
1.195142e+00	8.538979e+00
1.195600e+00	8.540829e+00
1.196057e+00	8.542676e+00
1.196792e+00	8.545633e+00
1.197526e+00	8.548580e+00
1.198261e+00	8.551518e+00
1.198995e+00	8.554445e+00
1.199730e+00	8.557363e+00
1.200464e+00	8.560271e+00
1.201199e+00	8.563170e+00
1.201933e+00	8.566058e+00
1.202394e+00	8.567866e+00
1.202855e+00	8.569669e+00
1.203316e+00	8.571469e+00
1.203777e+00	8.573265e+00
1.204238e+00	8.575057e+00
1.204699e+00	8.576846e+00
1.205159e+00	8.578630e+00
1.205620e+00	8.580411e+00
1.206081e+00	8.582188e+00
1.206542e+00	8.583961e+00
1.207003e+00	8.585730e+00
1.207464e+00	8.587496e+00
1.207925e+00	8.589258e+00
1.208385e+00	8.591016e+00
1.208846e+00	8.592770e+00
1.209307e+00	8.594520e+00
1.210120e+00	8.597599e+00
1.210933e+00	8.600665e+00
1.211746e+00	8.603720e+00
1.212559e+00	8.606763e+00
1.213371e+00	8.609794e+00
1.214184e+00	8.612814e+00
1.214997e+00	8.615822e+00
1.215810e+00	8.618819e+00
1.216243e+00	8.620412e+00
1.216677e+00	8.622002e+00
1.217544e+00	8.625173e+00
1.217977e+00	8.626753e+00
1.218411e+00	8.628330e+00
1.218844e+00	8.629904e+00
1.219278e+00	8.631475e+00
1.220145e+00	8.634606e+00
1.221012e+00	8.637725e+00
1.221445e+00	8.639279e+00
1.221879e+00	8.640830e+00
1.222312e+00	8.642378e+00
1.222746e+00	8.643923e+00
1.223507e+00	8.646628e+00
1.224269e+00	8.649324e+00
1.225030e+00	8.652009e+00
1.225792e+00	8.654684e+00
1.226553e+00	8.657350e+00
1.227314e+00	8.660006e+00
1.228076e+00	8.662652e+00
1.228837e+00	8.665288e+00
1.229266e+00	8.666767e+00
1.229694e+00	8.668243e+00
1.230551e+00	8.671185e+00
1.230979e+00	8.672651e+00
1.231408e+00	8.674114e+00
1.231836e+00	8.675575e+00
1.232264e+00	8.677032e+00
1.233121e+00	8.679937e+00
1.233978e+00	8.682830e+00
1.234406e+00	8.684272e+00
1.234835e+00	8.685711e+00
1.235691e+00	8.688579e+00
1.236110e+00	8.689977e+00
1.236529e+00	8.691372e+00
1.236948e+00	8.692764e+00
1.237367e+00	8.694153e+00
1.238205e+00	8.696922e+00
1.238623e+00	8.698302e+00
1.239042e+00	8.699680e+00
1.239880e+00	8.702426e+00
1.240718e+00	8.705161e+00
1.241136e+00	8.706524e+00
1.241555e+00	8.707884e+00
1.242393e+00	8.710596e+00
1.242834e+00	8.712021e+00
1.243276e+00	8.713443e+00
1.243718e+00	8.714861e+00
1.244159e+00	8.716276e+00
1.244601e+00	8.717688e+00
1.245042e+00	8.719097e+00
1.245484e+00	8.720503e+00
1.245925e+00	8.721906e+00
1.246367e+00	8.723305e+00
1.246808e+00	8.724702e+00
1.247250e+00	8.726095e+00
1.247691e+00	8.727485e+00
1.248133e+00	8.728872e+00
1.248575e+00	8.730255e+00
1.249016e+00	8.731636e+00
1.249458e+00	8.733014e+00
1.250294e+00	8.735614e+00
1.250712e+00	8.736909e+00
1.251130e+00	8.738202e+00
1.251966e+00	8.740780e+00
1.252802e+00	8.743347e+00
1.253220e+00	8.744626e+00
1.253638e+00	8.745902e+00
1.254474e+00	8.748446e+00
1.254892e+00	8.749715e+00
1.255311e+00	8.750980e+00
1.255729e+00	8.752242e+00
1.256147e+00	8.753502e+00
1.256978e+00	8.756000e+00
1.257810e+00	8.758486e+00
1.258225e+00	8.759725e+00
1.258641e+00	8.760962e+00
1.259473e+00	8.763427e+00
1.259888e+00	8.764655e+00
1.260304e+00	8.765881e+00
1.260720e+00	8.767104e+00
1.261135e+00	8.768325e+00
1.261967e+00	8.770757e+00
1.262798e+00	8.773180e+00
1.263217e+00	8.774394e+00
1.263635e+00	8.775606e+00
1.264472e+00	8.778022e+00
1.264890e+00	8.779226e+00
1.265309e+00	8.780427e+00
1.265727e+00	8.781626e+00
1.266145e+00	8.782822e+00
1.266982e+00	8.785205e+00
1.267819e+00	8.787578e+00
1.268237e+00	8.788761e+00
1.268655e+00	8.789941e+00
1.269074e+00	8.791118e+00
1.269492e+00	8.792293e+00
1.270277e+00	8.794490e+00
1.270670e+00	8.795585e+00
1.271062e+00	8.796678e+00
1.271847e+00	8.798856e+00
1.272633e+00	8.801025e+00
1.273025e+00	8.802107e+00
1.273418e+00	8.803186e+00
1.273810e+00	8.804262e+00
1.274203e+00	8.805336e+00
1.274988e+00	8.807478e+00
1.275773e+00	8.809611e+00
1.276207e+00	8.810785e+00
1.276640e+00	8.811956e+00
1.277074e+00	8.813124e+00
1.277508e+00	8.814290e+00
1.277941e+00	8.815453e+00
1.278375e+00	8.816613e+00
1.278809e+00	8.817770e+00
1.279242e+00	8.818925e+00
1.279676e+00	8.820077e+00
1.280110e+00	8.821226e+00
1.280543e+00	8.822372e+00
1.280977e+00	8.823516e+00
1.281411e+00	8.824656e+00
1.281844e+00	8.825794e+00
1.282278e+00	8.826930e+00
1.282712e+00	8.828062e+00
1.283147e+00	8.829197e+00
1.283583e+00	8.830329e+00
1.284018e+00	8.831458e+00
1.284454e+00	8.832584e+00
1.284889e+00	8.833708e+00
1.285325e+00	8.834829e+00
1.285760e+00	8.835947e+00
1.286196e+00	8.837063e+00
1.286631e+00	8.838175e+00
1.287067e+00	8.839285e+00
1.287502e+00	8.840393e+00
1.287938e+00	8.841497e+00
1.288373e+00	8.842599e+00
1.288809e+00	8.843698e+00
1.289244e+00	8.844795e+00
1.289680e+00	8.845889e+00
1.290488e+00	8.847912e+00
1.291297e+00	8.849927e+00
1.291701e+00	8.850930e+00
1.292106e+00	8.851932e+00
1.292510e+00	8.852931e+00
1.292914e+00	8.853928e+00
1.293723e+00	8.855914e+00
1.294531e+00	8.857892e+00
1.294936e+00	8.858877e+00
1.295340e+00	8.859860e+00
1.296148e+00	8.861819e+00
1.296558e+00	8.862808e+00
1.296967e+00	8.863794e+00
1.297377e+00	8.864778e+00
1.297786e+00	8.865760e+00
1.298605e+00	8.867717e+00
1.299424e+00	8.869664e+00
1.299834e+00	8.870634e+00
1.300243e+00	8.871602e+00
1.300653e+00	8.872568e+00
1.301062e+00	8.873531e+00
1.301882e+00	8.875450e+00
1.302291e+00	8.876407e+00
1.302701e+00	8.877361e+00
1.303495e+00	8.879204e+00
1.303892e+00	8.880123e+00
1.304289e+00	8.881039e+00
1.305083e+00	8.882866e+00
1.305877e+00	8.884683e+00
1.306274e+00	8.885589e+00
1.306671e+00	8.886493e+00
1.307068e+00	8.887394e+00
1.307465e+00	8.888293e+00
1.308259e+00	8.890086e+00
1.309053e+00	8.891869e+00
1.309507e+00	8.892885e+00
1.309960e+00	8.893898e+00
1.310414e+00	8.894909e+00
1.310868e+00	8.895916e+00
1.311322e+00	8.896921e+00
1.311776e+00	8.897923e+00
1.312230e+00	8.898923e+00
1.312684e+00	8.899919e+00
1.313137e+00	8.900913e+00
1.313591e+00	8.901905e+00
1.314045e+00	8.902893e+00
1.314499e+00	8.903879e+00
1.314953e+00	8.904862e+00
1.315407e+00	8.905842e+00
1.315861e+00	8.906820e+00
1.316315e+00	8.907795e+00
1.316736e+00	8.908699e+00
1.317158e+00	8.909601e+00
1.317580e+00	8.910500e+00
1.318002e+00	8.911397e+00
1.318424e+00	8.912292e+00
1.318846e+00	8.913185e+00
1.319268e+00	8.914075e+00
1.319690e+00	8.914963e+00
1.320112e+00	8.915848e+00
1.320534e+00	8.916732e+00
1.320956e+00	8.917613e+00
1.321378e+00	8.918491e+00
1.321800e+00	8.919368e+00
1.322222e+00	8.920242e+00
1.322644e+00	8.921114e+00
1.323066e+00	8.921983e+00
1.323843e+00	8.923578e+00
1.324231e+00	8.924373e+00
1.324620e+00	8.925166e+00
1.325396e+00	8.926746e+00
1.326173e+00	8.928318e+00
1.326562e+00	8.929101e+00
1.326950e+00	8.929882e+00
1.327339e+00	8.930662e+00
1.327727e+00	8.931439e+00
1.328504e+00	8.932989e+00
1.329281e+00	8.934530e+00
1.329706e+00	8.935371e+00
1.330131e+00	8.936209e+00
1.330557e+00	8.937045e+00
1.330982e+00	8.937879e+00
1.331407e+00	8.938711e+00
1.331832e+00	8.939540e+00
1.332257e+00	8.940367e+00
1.332683e+00	8.941192e+00
1.333108e+00	8.942014e+00
1.333533e+00	8.942835e+00
1.333958e+00	8.943653e+00
1.334383e+00	8.944469e+00
1.334809e+00	8.945282e+00
1.335234e+00	8.946094e+00
1.335659e+00	8.946903e+00
1.336084e+00	8.947710e+00
1.336492e+00	8.948482e+00
1.336900e+00	8.949252e+00
1.337308e+00	8.950020e+00
1.337716e+00	8.950786e+00
1.338124e+00	8.951550e+00
1.338531e+00	8.952312e+00
1.338939e+00	8.953072e+00
1.339347e+00	8.953830e+00
1.339755e+00	8.954586e+00
1.340163e+00	8.955340e+00
1.340571e+00	8.956092e+00
1.340979e+00	8.956841e+00
1.341387e+00	8.957589e+00
1.341795e+00	8.958335e+00
1.342202e+00	8.959079e+00
1.342610e+00	8.959821e+00
1.343064e+00	8.960643e+00
1.343517e+00	8.961463e+00
1.343971e+00	8.962281e+00
1.344424e+00	8.963096e+00
1.344878e+00	8.963908e+00
1.345331e+00	8.964718e+00
1.345784e+00	8.965526e+00
1.346238e+00	8.966331e+00
1.346691e+00	8.967134e+00
1.347145e+00	8.967935e+00
1.347598e+00	8.968733e+00
1.348052e+00	8.969528e+00
1.348505e+00	8.970321e+00
1.348959e+00	8.971112e+00
1.349412e+00	8.971900e+00
1.349866e+00	8.972686e+00
1.350283e+00	8.973408e+00
1.350701e+00	8.974127e+00
1.351118e+00	8.974845e+00
1.351536e+00	8.975560e+00
1.351953e+00	8.976273e+00
1.352371e+00	8.976985e+00
1.352788e+00	8.977694e+00
1.353206e+00	8.978401e+00
1.353623e+00	8.979107e+00
1.354041e+00	8.979810e+00
1.354458e+00	8.980511e+00
1.354876e+00	8.981211e+00
1.355293e+00	8.981908e+00
1.355711e+00	8.982603e+00
1.356128e+00	8.983296e+00
1.356546e+00	8.983988e+00
1.357291e+00	8.985217e+00
1.358037e+00	8.986440e+00
1.358782e+00	8.987657e+00
1.359528e+00	8.988867e+00
1.360273e+00	8.990071e+00
1.361019e+00	8.991269e+00
1.361765e+00	8.992460e+00
1.362510e+00	8.993646e+00
1.362926e+00	8.994305e+00
1.363342e+00	8.994961e+00
1.363758e+00	8.995616e+00
1.364175e+00	8.996270e+00
1.364591e+00	8.996921e+00
1.365007e+00	8.997570e+00
1.365423e+00	8.998217e+00
1.365839e+00	8.998863e+00
1.366255e+00	8.999506e+00
1.366672e+00	9.000148e+00
1.367088e+00	9.000787e+00
1.367504e+00	9.001425e+00
1.367920e+00	9.002061e+00
1.368336e+00	9.002694e+00
1.368752e+00	9.003326e+00
1.369168e+00	9.003956e+00
1.369604e+00	9.004614e+00
1.370040e+00	9.005270e+00
1.370475e+00	9.005923e+00
1.370911e+00	9.006574e+00
1.371347e+00	9.007224e+00
1.371782e+00	9.007871e+00
1.372218e+00	9.008516e+00
1.372654e+00	9.009159e+00
1.373089e+00	9.009800e+00
1.373525e+00	9.010439e+00
1.373961e+00	9.011076e+00
1.374396e+00	9.011711e+00
1.374832e+00	9.012343e+00
1.375268e+00	9.012974e+00
1.375703e+00	9.013603e+00
1.376139e+00	9.014230e+00
1.376548e+00	9.014815e+00
1.376956e+00	9.015399e+00
1.377364e+00	9.015981e+00
1.377773e+00	9.016561e+00
1.378181e+00	9.017139e+00
1.378589e+00	9.017716e+00
1.378998e+00	9.018291e+00
1.379406e+00	9.018864e+00
1.379815e+00	9.019435e+00
1.380223e+00	9.020005e+00
1.380631e+00	9.020573e+00
1.381040e+00	9.021139e+00
1.381448e+00	9.021703e+00
1.381857e+00	9.022265e+00
1.382265e+00	9.022826e+00
1.382673e+00	9.023385e+00
1.383130e+00	9.024008e+00
1.383587e+00	9.024630e+00
1.384044e+00	9.025249e+00
1.384501e+00	9.025866e+00
1.384958e+00	9.026480e+00
1.385416e+00	9.027093e+00
1.385873e+00	9.027703e+00
1.386330e+00	9.028311e+00
1.386787e+00	9.028917e+00
1.387244e+00	9.029521e+00
1.387701e+00	9.030123e+00
1.388158e+00	9.030722e+00
1.388615e+00	9.031320e+00
1.389072e+00	9.031915e+00
1.389529e+00	9.032508e+00
1.389986e+00	9.033099e+00
1.390408e+00	9.033642e+00
1.390830e+00	9.034184e+00
1.391252e+00	9.034724e+00
1.391674e+00	9.035262e+00
1.392096e+00	9.035799e+00
1.392518e+00	9.036333e+00
1.392940e+00	9.036866e+00
1.393362e+00	9.037397e+00
1.393784e+00	9.037926e+00
1.394206e+00	9.038453e+00
1.394628e+00	9.038978e+00
1.395050e+00	9.039502e+00
1.395472e+00	9.040024e+00
1.395894e+00	9.040544e+00
1.396316e+00	9.041062e+00
1.396737e+00	9.041578e+00
1.397478e+00	9.042480e+00
1.398218e+00	9.043376e+00
1.398958e+00	9.044267e+00
1.399699e+00	9.045152e+00
1.400439e+00	9.046032e+00
1.401179e+00	9.046906e+00
1.401920e+00	9.047775e+00
1.402660e+00	9.048638e+00
1.403091e+00	9.049138e+00
1.403522e+00	9.049636e+00
1.403953e+00	9.050133e+00
1.404384e+00	9.050627e+00
1.404815e+00	9.051120e+00
1.405246e+00	9.051611e+00
1.405677e+00	9.052100e+00
1.406108e+00	9.052587e+00
1.406539e+00	9.053073e+00
1.406970e+00	9.053556e+00
1.407401e+00	9.054038e+00
1.407831e+00	9.054518e+00
1.408262e+00	9.054996e+00
1.408693e+00	9.055472e+00
1.409124e+00	9.055947e+00
1.409555e+00	9.056420e+00
1.409996e+00	9.056902e+00
1.410438e+00	9.057382e+00
1.410879e+00	9.057860e+00
1.411320e+00	9.058337e+00
1.411761e+00	9.058811e+00
1.412203e+00	9.059284e+00
1.412644e+00	9.059755e+00
1.413085e+00	9.060224e+00
1.413526e+00	9.060691e+00
1.413968e+00	9.061156e+00
1.414409e+00	9.061620e+00
1.414850e+00	9.062081e+00
1.415291e+00	9.062541e+00
1.415732e+00	9.062999e+00
1.416174e+00	9.063454e+00
1.416615e+00	9.063908e+00
1.417031e+00	9.064335e+00
1.417447e+00	9.064759e+00
1.417862e+00	9.065182e+00
1.418278e+00	9.065604e+00
1.418694e+00	9.066023e+00
1.419110e+00	9.066441e+00
1.419526e+00	9.066858e+00
1.419942e+00	9.067272e+00
1.420357e+00	9.067686e+00
1.420773e+00	9.068097e+00
1.421189e+00	9.068507e+00
1.421605e+00	9.068915e+00
1.422021e+00	9.069322e+00
1.422437e+00	9.069727e+00
1.422852e+00	9.070130e+00
1.423268e+00	9.070532e+00
1.423680e+00	9.070928e+00
1.424091e+00	9.071322e+00
1.424503e+00	9.071715e+00
1.424914e+00	9.072106e+00
1.425326e+00	9.072496e+00
1.425737e+00	9.072884e+00
1.426149e+00	9.073270e+00
1.426560e+00	9.073655e+00
1.426971e+00	9.074038e+00
1.427383e+00	9.074420e+00
1.427794e+00	9.074800e+00
1.428206e+00	9.075179e+00
1.428617e+00	9.075556e+00
1.429029e+00	9.075932e+00
1.429440e+00	9.076306e+00
1.429852e+00	9.076678e+00
1.430654e+00	9.077400e+00
1.431055e+00	9.077758e+00
1.431456e+00	9.078115e+00
1.432259e+00	9.078825e+00
1.433061e+00	9.079529e+00
1.433462e+00	9.079879e+00
1.433863e+00	9.080227e+00
1.434265e+00	9.080574e+00
1.434666e+00	9.080919e+00
1.435468e+00	9.081606e+00
1.436270e+00	9.082286e+00
1.436697e+00	9.082646e+00
1.437124e+00	9.083004e+00
1.437550e+00	9.083360e+00
1.437977e+00	9.083715e+00
1.438403e+00	9.084067e+00
1.438830e+00	9.084419e+00
1.439257e+00	9.084768e+00
1.439683e+00	9.085116e+00
1.440110e+00	9.085463e+00
1.440536e+00	9.085807e+00
1.440963e+00	9.086151e+00
1.441390e+00	9.086492e+00
1.441816e+00	9.086832e+00
1.442243e+00	9.087170e+00
1.442669e+00	9.087507e+00
1.443096e+00	9.087842e+00
1.443515e+00	9.088169e+00
1.443934e+00	9.088495e+00
1.444353e+00	9.088819e+00
1.444772e+00	9.089142e+00
1.445191e+00	9.089463e+00
1.445610e+00	9.089783e+00
1.446028e+00	9.090101e+00
1.446447e+00	9.090417e+00
1.446866e+00	9.090732e+00
1.447285e+00	9.091045e+00
1.447704e+00	9.091357e+00
1.448123e+00	9.091667e+00
1.448542e+00	9.091976e+00
1.448961e+00	9.092283e+00
1.449380e+00	9.092589e+00
1.449799e+00	9.092893e+00
1.450241e+00	9.093212e+00
1.450683e+00	9.093530e+00
1.451125e+00	9.093846e+00
1.451567e+00	9.094160e+00
1.452009e+00	9.094472e+00
1.452451e+00	9.094783e+00
1.452893e+00	9.095092e+00
1.453335e+00	9.095399e+00
1.453777e+00	9.095704e+00
1.454219e+00	9.096008e+00
1.454661e+00	9.096310e+00
1.455103e+00	9.096611e+00
1.455545e+00	9.096910e+00
1.455987e+00	9.097207e+00
1.456429e+00	9.097502e+00
1.456871e+00	9.097796e+00
1.457287e+00	9.098071e+00
1.457704e+00	9.098345e+00
1.458121e+00	9.098617e+00
1.458537e+00	9.098888e+00
1.458954e+00	9.099157e+00
1.459370e+00	9.099425e+00
1.459787e+00	9.099691e+00
1.460204e+00	9.099956e+00
1.460620e+00	9.100219e+00
1.461037e+00	9.100481e+00
1.461454e+00	9.100742e+00
1.461870e+00	9.101001e+00
1.462287e+00	9.101258e+00
1.462704e+00	9.101514e+00
1.463120e+00	9.101768e+00
1.463537e+00	9.102021e+00
1.464309e+00	9.102486e+00
1.464696e+00	9.102717e+00
1.465082e+00	9.102946e+00
1.465854e+00	9.103401e+00
1.466627e+00	9.103851e+00
1.467013e+00	9.104074e+00
1.467399e+00	9.104296e+00
1.467785e+00	9.104516e+00
1.468172e+00	9.104735e+00
1.468944e+00	9.105170e+00
1.469716e+00	9.105600e+00
1.470155e+00	9.105842e+00
1.470594e+00	9.106082e+00
1.471033e+00	9.106321e+00
1.471472e+00	9.106558e+00
1.471911e+00	9.106793e+00
1.472350e+00	9.107027e+00
1.472789e+00	9.107259e+00
1.473228e+00	9.107490e+00
1.473667e+00	9.107719e+00
1.474106e+00	9.107946e+00
1.474545e+00	9.108172e+00
1.474984e+00	9.108396e+00
1.475423e+00	9.108618e+00
1.475862e+00	9.108839e+00
1.476301e+00	9.109058e+00
1.476740e+00	9.109276e+00
1.477507e+00	9.109653e+00
1.477891e+00	9.109839e+00
1.478274e+00	9.110025e+00
1.479042e+00	9.110391e+00
1.479809e+00	9.110753e+00
1.480193e+00	9.110932e+00
1.480576e+00	9.111110e+00
1.480960e+00	9.111287e+00
1.481343e+00	9.111463e+00
1.482111e+00	9.111810e+00
1.482878e+00	9.112152e+00
1.483324e+00	9.112349e+00
1.483770e+00	9.112544e+00
1.484216e+00	9.112738e+00
1.484662e+00	9.112930e+00
1.485108e+00	9.113120e+00
1.485554e+00	9.113309e+00
1.486000e+00	9.113496e+00
1.486446e+00	9.113681e+00
1.486892e+00	9.113865e+00
1.487338e+00	9.114047e+00
1.487784e+00	9.114228e+00
1.488231e+00	9.114407e+00
1.488677e+00	9.114584e+00
1.489123e+00	9.114760e+00
1.489569e+00	9.114933e+00
1.490015e+00	9.115106e+00
1.490453e+00	9.115274e+00
1.490891e+00	9.115440e+00
1.491330e+00	9.115605e+00
1.491768e+00	9.115768e+00
1.492207e+00	9.115929e+00
1.492645e+00	9.116089e+00
1.493083e+00	9.116248e+00
1.493522e+00	9.116404e+00
1.493960e+00	9.116560e+00
1.494398e+00	9.116713e+00
1.494837e+00	9.116866e+00
1.495275e+00	9.117016e+00
1.495714e+00	9.117165e+00
1.496152e+00	9.117313e+00
1.496590e+00	9.117458e+00
1.497029e+00	9.117603e+00
1.497832e+00	9.117863e+00
1.498635e+00	9.118119e+00
1.499037e+00	9.118244e+00
1.499438e+00	9.118369e+00
1.499840e+00	9.118492e+00
1.500242e+00	9.118613e+00
1.501045e+00	9.118853e+00
1.501848e+00	9.119087e+00
1.502250e+00	9.119202e+00
1.502651e+00	9.119316e+00
1.503455e+00	9.119540e+00
1.503883e+00	9.119658e+00
1.504312e+00	9.119774e+00
1.504740e+00	9.119888e+00
1.505169e+00	9.120001e+00
1.505597e+00	9.120113e+00
1.506026e+00	9.120222e+00
1.506455e+00	9.120331e+00
1.506883e+00	9.120438e+00
1.507312e+00	9.120544e+00
1.507740e+00	9.120648e+00
1.508169e+00	9.120750e+00
1.508597e+00	9.120851e+00
1.509026e+00	9.120951e+00
1.509454e+00	9.121049e+00
1.509883e+00	9.121146e+00
1.510312e+00	9.121241e+00
1.511099e+00	9.121412e+00
1.511886e+00	9.121579e+00
1.512673e+00	9.121740e+00
1.513460e+00	9.121904e+00
1.513853e+00	9.121981e+00
1.514247e+00	9.122056e+00
1.514640e+00	9.122130e+00
1.515034e+00	9.122202e+00
1.515821e+00	9.122344e+00
1.516608e+00	9.122480e+00
1.517042e+00	9.122553e+00
1.517477e+00	9.122625e+00
1.517911e+00	9.122695e+00
1.518346e+00	9.122764e+00
1.518780e+00	9.122831e+00
1.519214e+00	9.122897e+00
1.519649e+00	9.122961e+00
1.520083e+00	9.123024e+00
1.520518e+00	9.123085e+00
1.520952e+00	9.123145e+00
1.521386e+00	9.123203e+00
1.521821e+00	9.123260e+00
1.522255e+00	9.123315e+00
1.522689e+00	9.123369e+00
1.523124e+00	9.123421e+00
1.523558e+00	9.123472e+00
1.523975e+00	9.123519e+00
1.524392e+00	9.123565e+00
1.524809e+00	9.123610e+00
1.525226e+00	9.123653e+00
1.525643e+00	9.123695e+00
1.526060e+00	9.123735e+00
1.526477e+00	9.123774e+00
1.526894e+00	9.123812e+00
1.527311e+00	9.123848e+00
1.527728e+00	9.123883e+00
1.528145e+00	9.123916e+00
1.528562e+00	9.123948e+00
1.528979e+00	9.123979e+00
1.529396e+00	9.124008e+00
1.529813e+00	9.124036e+00
1.530230e+00	9.124063e+00
1.531013e+00	9.124109e+00
1.531405e+00	9.124130e+00
1.531797e+00	9.124151e+00
1.532581e+00	9.124187e+00
1.533364e+00	9.124219e+00
1.533756e+00	9.124233e+00
1.534148e+00	9.124246e+00
1.534540e+00	9.124257e+00
1.534932e+00	9.124268e+00
1.535716e+00	9.124285e+00
1.536499e+00	9.124297e+00
1.536933e+00	9.124302e+00
1.537366e+00	9.124305e+00
1.537800e+00	9.124306e+00
1.538233e+00	9.124307e+00
1.538667e+00	9.124305e+00
1.539100e+00	9.124303e+00
1.539534e+00	9.124298e+00
1.539967e+00	9.124293e+00
1.540401e+00	9.124285e+00
1.540834e+00	9.124277e+00
1.541268e+00	9.124266e+00
1.541701e+00	9.124255e+00
1.542135e+00	9.124242e+00
1.542568e+00	9.124227e+00
1.543002e+00	9.124211e+00
1.543435e+00	9.124193e+00
1.543852e+00	9.124175e+00
1.544270e+00	9.124155e+00
1.544687e+00	9.124134e+00
1.545104e+00	9.124111e+00
1.545522e+00	9.124087e+00
1.545939e+00	9.124062e+00
1.546356e+00	9.124035e+00
1.546773e+00	9.124007e+00
1.547191e+00	9.123978e+00
1.547608e+00	9.123947e+00
1.548025e+00	9.123915e+00
1.548443e+00	9.123881e+00
1.548860e+00	9.123847e+00
1.549277e+00	9.123810e+00
1.549694e+00	9.123772e+00
1.550112e+00	9.123733e+00
1.550549e+00	9.123691e+00
1.550986e+00	9.123647e+00
1.551423e+00	9.123602e+00
1.551860e+00	9.123555e+00
1.552297e+00	9.123506e+00
1.552734e+00	9.123456e+00
1.553171e+00	9.123405e+00
1.553608e+00	9.123352e+00
1.554045e+00	9.123297e+00
1.554482e+00	9.123241e+00
1.554919e+00	9.123184e+00
1.555356e+00	9.123125e+00
1.555793e+00	9.123064e+00
1.556230e+00	9.123002e+00
1.556667e+00	9.122938e+00
1.557104e+00	9.122873e+00
1.557915e+00	9.122748e+00
1.558727e+00	9.122618e+00
1.559133e+00	9.122551e+00
1.559539e+00	9.122482e+00
1.559945e+00	9.122412e+00
1.560350e+00	9.122341e+00
1.561162e+00	9.122195e+00
1.561974e+00	9.122044e+00
1.562380e+00	9.121967e+00
1.562785e+00	9.121888e+00
1.563597e+00	9.121726e+00
1.564003e+00	9.121643e+00
1.564408e+00	9.121559e+00
1.565219e+00	9.121387e+00
1.565624e+00	9.121299e+00
1.566030e+00	9.121209e+00
1.566435e+00	9.121119e+00
1.566841e+00	9.121027e+00
1.567651e+00	9.120839e+00
1.568462e+00	9.120646e+00
1.568868e+00	9.120547e+00
1.569273e+00	9.120447e+00
1.570084e+00	9.120244e+00
1.570526e+00	9.120131e+00
1.570967e+00	9.120016e+00
1.571409e+00	9.119900e+00
1.571850e+00	9.119782e+00
1.572292e+00	9.119662e+00
1.572734e+00	9.119541e+00
1.573175e+00	9.119419e+00
1.573617e+00	9.119295e+00
1.574058e+00	9.119169e+00
1.574500e+00	9.119042e+00
1.574942e+00	9.118913e+00
1.575383e+00	9.118783e+00
1.575825e+00	9.118651e+00
1.576266e+00	9.118517e+00
1.576708e+00	9.118382e+00
1.577150e+00	9.118245e+00
1.577942e+00	9.117996e+00
1.578735e+00	9.117741e+00
1.579132e+00	9.117612e+00
1.579528e+00	9.117482e+00
1.579925e+00	9.117350e+00
1.580321e+00	9.117217e+00
1.581114e+00	9.116948e+00
1.581907e+00	9.116673e+00
1.582304e+00	9.116533e+00
1.582700e+00	9.116393e+00
1.583493e+00	9.116108e+00
1.583900e+00	9.115959e+00
1.584307e+00	9.115810e+00
1.585120e+00	9.115507e+00
1.585527e+00	9.115353e+00
1.585934e+00	9.115198e+00
1.586340e+00	9.115042e+00
1.586747e+00	9.114884e+00
1.587561e+00	9.114565e+00
1.588374e+00	9.114240e+00
1.588781e+00	9.114076e+00
1.589187e+00	9.113910e+00
1.590001e+00	9.113575e+00
1.590431e+00	9.113395e+00
1.590861e+00	9.113214e+00
1.591290e+00	9.113032e+00
1.591720e+00	9.112848e+00
1.592150e+00	9.112662e+00
1.592580e+00	9.112475e+00
1.593010e+00	9.112286e+00
1.593440e+00	9.112096e+00
1.593870e+00	9.111905e+00
1.594299e+00	9.111711e+00
1.594729e+00	9.111517e+00
1.595159e+00	9.111321e+00
1.595589e+00	9.111123e+00
1.596019e+00	9.110924e+00
1.596449e+00	9.110723e+00
1.596879e+00	9.110520e+00
1.597677e+00	9.110140e+00
1.598077e+00	9.109948e+00
1.598476e+00	9.109755e+00
1.599275e+00	9.109364e+00
1.600074e+00	9.108969e+00
1.600473e+00	9.108769e+00
1.600872e+00	9.108567e+00
1.601272e+00	9.108365e+00
1.601671e+00	9.108161e+00
1.602470e+00	9.107749e+00
1.603269e+00	9.107332e+00
1.603700e+00	9.107104e+00
1.604131e+00	9.106875e+00
1.604562e+00	9.106645e+00
1.604993e+00	9.106413e+00
1.605424e+00	9.106180e+00
1.605855e+00	9.105944e+00
1.606286e+00	9.105708e+00
1.606717e+00	9.105470e+00
1.607148e+00	9.105230e+00
1.607579e+00	9.104988e+00
1.608010e+00	9.104745e+00
1.608441e+00	9.104501e+00
1.608871e+00	9.104255e+00
1.609302e+00	9.104007e+00
1.609733e+00	9.103758e+00
1.610164e+00	9.103507e+00
1.610612e+00	9.103245e+00
1.611059e+00	9.102982e+00
1.611507e+00	9.102716e+00
1.611954e+00	9.102449e+00
1.612402e+00	9.102180e+00
1.612849e+00	9.101910e+00
1.613297e+00	9.101638e+00
1.613744e+00	9.101364e+00
1.614192e+00	9.101088e+00
1.614639e+00	9.100811e+00
1.615087e+00	9.100532e+00
1.615534e+00	9.100251e+00
1.615982e+00	9.099968e+00
1.616429e+00	9.099684e+00
1.616877e+00	9.099398e+00
1.617324e+00	9.099111e+00
1.617727e+00	9.098850e+00
1.618131e+00	9.098588e+00
1.618534e+00	9.098325e+00
1.618937e+00	9.098060e+00
1.619744e+00	9.097526e+00
1.620550e+00	9.096986e+00
1.620953e+00	9.096715e+00
1.621357e+00	9.096441e+00
1.621760e+00	9.096167e+00
1.622163e+00	9.095891e+00
1.622969e+00	9.095334e+00
1.623373e+00	9.095054e+00
1.623776e+00	9.094772e+00
1.624562e+00	9.094219e+00
1.624955e+00	9.093940e+00
1.625349e+00	9.093660e+00
1.626135e+00	9.093096e+00
1.626921e+00	9.092526e+00
1.627314e+00	9.092239e+00
1.627708e+00	9.091951e+00
1.628101e+00	9.091662e+00
1.628494e+00	9.091371e+00
1.629280e+00	9.090785e+00
1.630067e+00	9.090194e+00
1.630497e+00	9.089868e+00
1.630927e+00	9.089540e+00
1.631357e+00	9.089211e+00
1.631788e+00	9.088880e+00
1.632218e+00	9.088548e+00
1.632648e+00	9.088214e+00
1.633079e+00	9.087878e+00
1.633509e+00	9.087541e+00
1.633939e+00	9.087202e+00
1.634369e+00	9.086861e+00
1.634800e+00	9.086519e+00
1.635230e+00	9.086175e+00
1.635660e+00	9.085830e+00
1.636091e+00	9.085482e+00
1.636521e+00	9.085134e+00
1.636951e+00	9.084783e+00
1.637378e+00	9.084434e+00
1.637805e+00	9.084083e+00
1.638232e+00	9.083730e+00
1.638659e+00	9.083376e+00
1.639085e+00	9.083020e+00
1.639512e+00	9.082662e+00
1.639939e+00	9.082303e+00
1.640366e+00	9.081942e+00
1.640793e+00	9.081580e+00
1.641220e+00	9.081216e+00
1.641646e+00	9.080850e+00
1.642073e+00	9.080483e+00
1.642500e+00	9.080114e+00
1.642927e+00	9.079743e+00
1.643354e+00	9.079370e+00
1.643781e+00	9.078996e+00
1.644184e+00	9.078641e+00
1.644588e+00	9.078284e+00
1.644992e+00	9.077926e+00
1.645396e+00	9.077566e+00
1.646204e+00	9.076842e+00
1.647012e+00	9.076111e+00
1.647415e+00	9.075744e+00
1.647819e+00	9.075375e+00
1.648223e+00	9.075005e+00
1.648627e+00	9.074633e+00
1.649435e+00	9.073885e+00
1.649839e+00	9.073508e+00
1.650243e+00	9.073131e+00
1.650675e+00	9.072724e+00
1.651108e+00	9.072316e+00
1.651540e+00	9.071906e+00
1.651973e+00	9.071495e+00
1.652405e+00	9.071081e+00
1.652838e+00	9.070666e+00
1.653270e+00	9.070250e+00
1.653703e+00	9.069831e+00
1.654135e+00	9.069411e+00
1.654568e+00	9.068989e+00
1.655000e+00	9.068565e+00
1.655433e+00	9.068140e+00
1.655865e+00	9.067712e+00
1.656298e+00	9.067283e+00
1.656731e+00	9.066852e+00
1.657163e+00	9.066420e+00
1.657574e+00	9.066007e+00
1.657985e+00	9.065593e+00
1.658397e+00	9.065177e+00
1.658808e+00	9.064759e+00
1.659219e+00	9.064340e+00
1.659630e+00	9.063919e+00
1.660041e+00	9.063496e+00
1.660453e+00	9.063072e+00
1.660864e+00	9.062647e+00
1.661275e+00	9.062220e+00
1.661686e+00	9.061791e+00
1.662097e+00	9.061360e+00
1.662509e+00	9.060928e+00
1.662920e+00	9.060494e+00
1.663331e+00	9.060059e+00
1.663742e+00	9.059622e+00
1.664183e+00	9.059152e+00
1.664624e+00	9.058679e+00
1.665065e+00	9.058205e+00
1.665506e+00	9.057729e+00
1.665947e+00	9.057251e+00
1.666388e+00	9.056772e+00
1.666829e+00	9.056290e+00
1.667270e+00	9.055806e+00
1.667711e+00	9.055321e+00
1.668152e+00	9.054834e+00
1.668593e+00	9.054345e+00
1.669034e+00	9.053854e+00
1.669475e+00	9.053361e+00
1.669916e+00	9.052866e+00
1.670357e+00	9.052369e+00
1.670798e+00	9.051870e+00
1.671580e+00	9.050982e+00
1.672362e+00	9.050087e+00
1.672752e+00	9.049637e+00
1.673143e+00	9.049186e+00
1.673534e+00	9.048734e+00
1.673925e+00	9.048280e+00
1.674707e+00	9.047367e+00
1.675489e+00	9.046448e+00
1.675880e+00	9.045986e+00
1.676270e+00	9.045523e+00
1.677052e+00	9.044592e+00
1.677483e+00	9.044077e+00
1.677913e+00	9.043560e+00
1.678343e+00	9.043042e+00
1.678773e+00	9.042521e+00
1.679204e+00	9.041999e+00
1.679634e+00	9.041474e+00
1.680064e+00	9.040948e+00
1.680495e+00	9.040420e+00
1.680925e+00	9.039890e+00
1.681355e+00	9.039359e+00
1.681786e+00	9.038825e+00
1.682216e+00	9.038290e+00
1.682646e+00	9.037752e+00
1.683077e+00	9.037213e+00
1.683507e+00	9.036672e+00
1.683937e+00	9.036129e+00
1.684730e+00	9.035124e+00
1.685126e+00	9.034619e+00
1.685522e+00	9.034113e+00
1.686315e+00	9.033095e+00
1.687107e+00	9.032071e+00
1.687504e+00	9.031556e+00
1.687900e+00	9.031040e+00
1.688296e+00	9.030523e+00
1.688692e+00	9.030003e+00
1.689485e+00	9.028960e+00
1.690277e+00	9.027910e+00
1.690720e+00	9.027321e+00
1.691162e+00	9.026730e+00
1.691604e+00	9.026138e+00
1.692046e+00	9.025543e+00
1.692488e+00	9.024946e+00
1.692931e+00	9.024347e+00
1.693373e+00	9.023746e+00
1.693815e+00	9.023143e+00
1.694257e+00	9.022538e+00
1.694699e+00	9.021931e+00
1.695142e+00	9.021322e+00
1.695584e+00	9.020711e+00
1.696026e+00	9.020097e+00
1.696468e+00	9.019482e+00
1.696911e+00	9.018865e+00
1.697353e+00	9.018245e+00
1.697792e+00	9.017627e+00
1.698232e+00	9.017007e+00
1.698671e+00	9.016385e+00
1.699111e+00	9.015761e+00
1.699551e+00	9.015135e+00
1.699990e+00	9.014507e+00
1.700430e+00	9.013877e+00
1.700869e+00	9.013245e+00
1.701309e+00	9.012611e+00
1.701749e+00	9.011974e+00
1.702188e+00	9.011336e+00
1.702628e+00	9.010695e+00
1.703067e+00	9.010053e+00
1.703507e+00	9.009408e+00
1.703946e+00	9.008761e+00
1.704386e+00	9.008112e+00
1.705160e+00	9.006965e+00
1.705547e+00	9.006388e+00
1.705934e+00	9.005810e+00
1.706708e+00	9.004650e+00
1.707482e+00	9.003483e+00
1.707869e+00	9.002896e+00
1.708256e+00	9.002309e+00
1.708643e+00	9.001719e+00
1.709030e+00	9.001128e+00
1.709804e+00	8.999942e+00
1.710578e+00	8.998748e+00
1.711029e+00	8.998050e+00
1.711480e+00	8.997350e+00
1.711930e+00	8.996647e+00
1.712381e+00	8.995942e+00
1.712832e+00	8.995235e+00
1.713283e+00	8.994526e+00
1.713733e+00	8.993814e+00
1.714184e+00	8.993100e+00
1.714635e+00	8.992384e+00
1.715086e+00	8.991665e+00
1.715536e+00	8.990945e+00
1.715987e+00	8.990222e+00
1.716438e+00	8.989496e+00
1.716889e+00	8.988769e+00
1.717339e+00	8.988039e+00
1.717790e+00	8.987307e+00
1.718202e+00	8.986636e+00
1.718613e+00	8.985964e+00
1.719025e+00	8.985290e+00
1.719436e+00	8.984614e+00
1.719847e+00	8.983936e+00
1.720259e+00	8.983256e+00
1.720670e+00	8.982574e+00
1.721082e+00	8.981890e+00
1.721493e+00	8.981204e+00
1.721905e+00	8.980517e+00
1.722316e+00	8.979827e+00
1.722728e+00	8.979136e+00
1.723139e+00	8.978442e+00
1.723551e+00	8.977747e+00
1.723962e+00	8.977049e+00
1.724374e+00	8.976350e+00
1.724780e+00	8.975657e+00
1.725186e+00	8.974963e+00
1.725592e+00	8.974267e+00
1.725998e+00	8.973569e+00
1.726405e+00	8.972869e+00
1.726811e+00	8.972167e+00
1.727217e+00	8.971463e+00
1.727623e+00	8.970758e+00
1.728029e+00	8.970050e+00
1.728435e+00	8.969340e+00
1.728842e+00	8.968629e+00
1.729248e+00	8.967916e+00
1.729654e+00	8.967200e+00
1.730060e+00	8.966483e+00
1.730466e+00	8.965764e+00
1.730872e+00	8.965042e+00
1.731289e+00	8.964300e+00
1.731706e+00	8.963556e+00
1.732123e+00	8.962810e+00
1.732540e+00	8.962062e+00
1.732956e+00	8.961312e+00
1.733373e+00	8.960559e+00
1.733790e+00	8.959805e+00
1.734207e+00	8.959049e+00
1.734623e+00	8.958290e+00
1.735040e+00	8.957529e+00
1.735457e+00	8.956767e+00
1.735874e+00	8.956002e+00
1.736290e+00	8.955235e+00
1.736707e+00	8.954466e+00
1.737124e+00	8.953695e+00
1.737541e+00	8.952922e+00
1.737946e+00	8.952169e+00
1.738351e+00	8.951413e+00
1.738756e+00	8.950656e+00
1.739161e+00	8.949897e+00
1.739566e+00	8.949135e+00
1.739971e+00	8.948372e+00
1.740376e+00	8.947607e+00
1.740781e+00	8.946839e+00
1.741186e+00	8.946070e+00
1.741591e+00	8.945299e+00
1.742402e+00	8.943750e+00
1.742807e+00	8.942973e+00
1.743212e+00	8.942193e+00
1.743617e+00	8.941412e+00
1.744022e+00	8.940628e+00
1.744443e+00	8.939812e+00
1.744864e+00	8.938994e+00
1.745285e+00	8.938173e+00
1.745706e+00	8.937350e+00
1.746127e+00	8.936525e+00
1.746548e+00	8.935698e+00
1.746969e+00	8.934868e+00
1.747390e+00	8.934037e+00
1.747811e+00	8.933203e+00
1.748232e+00	8.932367e+00
1.748653e+00	8.931528e+00
1.749073e+00	8.930688e+00
1.749494e+00	8.929845e+00
1.749915e+00	8.929000e+00
1.750336e+00	8.928153e+00
1.750757e+00	8.927304e+00
1.751202e+00	8.926404e+00
1.751647e+00	8.925501e+00
1.752092e+00	8.924596e+00
1.752537e+00	8.923688e+00
1.752982e+00	8.922778e+00
1.753426e+00	8.921866e+00
1.753871e+00	8.920951e+00
1.754316e+00	8.920033e+00
1.754761e+00	8.919113e+00
1.755206e+00	8.918191e+00
1.755651e+00	8.917265e+00
1.756096e+00	8.916338e+00
1.756540e+00	8.915408e+00
1.756985e+00	8.914475e+00
1.757430e+00	8.913540e+00
1.757875e+00	8.912602e+00
1.758631e+00	8.911001e+00
1.759388e+00	8.909393e+00
1.760144e+00	8.907778e+00
1.760901e+00	8.906155e+00
1.761657e+00	8.904525e+00
1.762414e+00	8.902887e+00
1.763170e+00	8.901242e+00
1.763926e+00	8.899589e+00
1.764372e+00	8.898611e+00
1.764818e+00	8.897631e+00
1.765264e+00	8.896648e+00
1.765710e+00	8.895663e+00
1.766156e+00	8.894674e+00
1.766602e+00	8.893684e+00
1.767047e+00	8.892690e+00
1.767493e+00	8.891694e+00
1.767939e+00	8.890696e+00
1.768385e+00	8.889694e+00
1.768831e+00	8.888690e+00
1.769277e+00	8.887684e+00
1.769723e+00	8.886674e+00
1.770168e+00	8.885662e+00
1.770614e+00	8.884648e+00
1.771060e+00	8.883630e+00
1.771482e+00	8.882665e+00
1.771904e+00	8.881697e+00
1.772326e+00	8.880727e+00
1.772748e+00	8.879754e+00
1.773170e+00	8.878779e+00
1.773592e+00	8.877802e+00
1.774014e+00	8.876822e+00
1.774436e+00	8.875840e+00
1.774858e+00	8.874855e+00
1.775280e+00	8.873868e+00
1.775702e+00	8.872878e+00
1.776124e+00	8.871886e+00
1.776546e+00	8.870892e+00
1.776969e+00	8.869895e+00
1.777391e+00	8.868896e+00
1.777813e+00	8.867894e+00
1.778614e+00	8.865984e+00
1.779416e+00	8.864065e+00
1.779817e+00	8.863103e+00
1.780218e+00	8.862138e+00
1.780619e+00	8.861171e+00
1.781019e+00	8.860202e+00
1.781821e+00	8.858256e+00
1.782623e+00	8.856302e+00
1.783024e+00	8.855321e+00
1.783425e+00	8.854339e+00
1.784226e+00	8.852366e+00
1.784640e+00	8.851345e+00
1.785054e+00	8.850322e+00
1.785881e+00	8.848268e+00
1.786295e+00	8.847237e+00
1.786708e+00	8.846204e+00
1.787122e+00	8.845168e+00
1.787536e+00	8.844130e+00
1.788363e+00	8.842047e+00
1.789190e+00	8.839954e+00
1.789604e+00	8.838904e+00
1.790017e+00	8.837852e+00
1.790845e+00	8.835739e+00
1.791266e+00	8.834660e+00
1.791687e+00	8.833578e+00
1.792108e+00	8.832494e+00
1.792529e+00	8.831408e+00
1.792950e+00	8.830318e+00
1.793371e+00	8.829226e+00
1.793793e+00	8.828132e+00
1.794214e+00	8.827035e+00
1.794635e+00	8.825936e+00
1.795056e+00	8.824834e+00
1.795477e+00	8.823729e+00
1.795898e+00	8.822622e+00
1.796319e+00	8.821512e+00
1.796740e+00	8.820399e+00
1.797162e+00	8.819284e+00
1.797583e+00	8.818167e+00
1.798415e+00	8.815950e+00
1.798831e+00	8.814838e+00
1.799247e+00	8.813724e+00
1.800080e+00	8.811487e+00
1.800912e+00	8.809240e+00
1.801328e+00	8.808113e+00
1.801744e+00	8.806983e+00
1.802161e+00	8.805850e+00
1.802577e+00	8.804715e+00
1.803409e+00	8.802437e+00
1.804241e+00	8.800149e+00
1.804682e+00	8.798934e+00
1.805123e+00	8.797716e+00
1.805563e+00	8.796495e+00
1.806004e+00	8.795271e+00
1.806444e+00	8.794044e+00
1.806885e+00	8.792814e+00
1.807325e+00	8.791581e+00
1.807766e+00	8.790345e+00
1.808207e+00	8.789107e+00
1.808647e+00	8.787865e+00
1.809088e+00	8.786621e+00
1.809528e+00	8.785373e+00
1.809969e+00	8.784123e+00
1.810409e+00	8.782870e+00
1.810850e+00	8.781614e+00
1.811291e+00	8.780354e+00
1.812045e+00	8.778190e+00
1.812800e+00	8.776017e+00
1.813555e+00	8.773836e+00
1.814310e+00	8.771646e+00
1.815065e+00	8.769446e+00
1.815819e+00	8.767239e+00
1.816574e+00	8.765022e+00
1.817329e+00	8.762797e+00
1.817748e+00	8.761557e+00
1.818167e+00	8.760316e+00
1.819005e+00	8.757824e+00
1.819424e+00	8.756574e+00
1.819843e+00	8.755321e+00
1.820262e+00	8.754065e+00
1.820681e+00	8.752807e+00
1.821519e+00	8.750282e+00
1.822357e+00	8.747747e+00
1.822776e+00	8.746475e+00
1.823195e+00	8.745200e+00
1.824033e+00	8.742642e+00
1.824465e+00	8.741317e+00
1.824898e+00	8.739989e+00
1.825331e+00	8.738658e+00
1.825763e+00	8.737324e+00
1.826196e+00	8.735987e+00
1.826629e+00	8.734647e+00
1.827062e+00	8.733304e+00
1.827494e+00	8.731958e+00
1.827927e+00	8.730610e+00
1.828360e+00	8.729258e+00
1.828792e+00	8.727903e+00
1.829225e+00	8.726545e+00
1.829658e+00	8.725184e+00
1.830090e+00	8.723820e+00
1.830523e+00	8.722454e+00
1.830956e+00	8.721084e+00
1.831780e+00	8.718466e+00
1.832604e+00	8.715838e+00
1.833016e+00	8.714520e+00
1.833428e+00	8.713199e+00
1.833840e+00	8.711875e+00
1.834252e+00	8.710548e+00
1.835076e+00	8.707887e+00
1.835900e+00	8.705215e+00
1.836312e+00	8.703874e+00
1.836724e+00	8.702531e+00
1.837548e+00	8.699836e+00
1.837985e+00	8.698404e+00
1.838422e+00	8.696968e+00
1.838859e+00	8.695528e+00
1.839295e+00	8.694086e+00
1.839732e+00	8.692641e+00
1.840169e+00	8.691192e+00
1.840606e+00	8.689741e+00
1.841043e+00	8.688286e+00
1.841480e+00	8.686828e+00
1.841916e+00	8.685367e+00
1.842353e+00	8.683902e+00
1.842790e+00	8.682435e+00
1.843227e+00	8.680964e+00
1.843664e+00	8.679490e+00
1.844100e+00	8.678013e+00
1.844537e+00	8.676533e+00
1.845378e+00	8.673676e+00
1.845798e+00	8.672243e+00
1.846218e+00	8.670807e+00
1.847059e+00	8.667927e+00
1.847899e+00	8.665034e+00
1.848319e+00	8.663584e+00
1.848740e+00	8.662130e+00
1.849160e+00	8.660673e+00
1.849580e+00	8.659214e+00
1.850420e+00	8.656285e+00
1.850841e+00	8.654817e+00
1.851261e+00	8.653345e+00
1.852074e+00	8.650489e+00
1.852887e+00	8.647621e+00
1.853701e+00	8.644743e+00
1.854514e+00	8.641852e+00
1.855327e+00	8.638951e+00
1.856140e+00	8.636038e+00
1.856953e+00	8.633114e+00
1.857767e+00	8.630178e+00
1.858214e+00	8.628557e+00
1.858662e+00	8.626933e+00
1.859109e+00	8.625305e+00
1.859557e+00	8.623674e+00
1.860005e+00	8.622039e+00
1.860452e+00	8.620401e+00
1.860900e+00	8.618760e+00
1.861348e+00	8.617114e+00
1.861795e+00	8.615466e+00
1.862243e+00	8.613814e+00
1.862691e+00	8.612158e+00
1.863138e+00	8.610499e+00
1.863586e+00	8.608836e+00
1.864034e+00	8.607170e+00
1.864481e+00	8.605500e+00
1.864929e+00	8.603827e+00
1.865737e+00	8.600799e+00
1.866544e+00	8.597759e+00
1.867352e+00	8.594708e+00
1.868160e+00	8.591646e+00
1.868968e+00	8.588572e+00
1.869775e+00	8.585486e+00
1.870583e+00	8.582389e+00
1.871391e+00	8.579280e+00
1.871820e+00	8.577625e+00
1.872248e+00	8.575966e+00
1.873106e+00	8.572639e+00
1.873535e+00	8.570971e+00
1.873964e+00	8.569299e+00
1.874392e+00	8.567625e+00
1.874821e+00	8.565946e+00
1.875679e+00	8.562580e+00
1.876536e+00	8.559200e+00
1.876965e+00	8.557506e+00
1.877394e+00	8.555807e+00
1.877823e+00	8.554106e+00
1.878252e+00	8.552401e+00
1.879032e+00	8.549292e+00
1.879812e+00	8.546172e+00
1.880591e+00	8.543040e+00
1.881371e+00	8.539898e+00
1.882151e+00	8.536744e+00
1.882931e+00	8.533579e+00
1.883711e+00	8.530404e+00
1.884491e+00	8.527216e+00
1.885310e+00	8.523860e+00
1.886128e+00	8.520490e+00
1.886947e+00	8.517109e+00
1.887765e+00	8.513715e+00
1.888584e+00	8.510308e+00
1.889403e+00	8.506889e+00
1.890221e+00	8.503458e+00
1.891040e+00	8.500014e+00
1.891882e+00	8.496459e+00
1.892724e+00	8.492890e+00
1.893566e+00	8.489308e+00
1.894408e+00	8.485713e+00
1.895250e+00	8.482104e+00
1.896092e+00	8.478482e+00
1.896934e+00	8.474847e+00
1.897776e+00	8.471198e+00
1.898621e+00	8.467522e+00
1.899466e+00	8.463833e+00
1.900311e+00	8.460130e+00
1.901156e+00	8.456413e+00
1.902002e+00	8.452683e+00
1.902847e+00	8.448939e+00
1.903692e+00	8.445181e+00
1.904537e+00	8.441410e+00
1.905388e+00	8.437600e+00
1.906239e+00	8.433777e+00
1.907089e+00	8.429939e+00
1.907940e+00	8.426087e+00
1.908791e+00	8.422222e+00
1.909641e+00	8.418342e+00
1.910492e+00	8.414448e+00
1.911343e+00	8.410540e+00
1.912225e+00	8.406474e+00
1.913107e+00	8.402393e+00
1.913989e+00	8.398296e+00
1.914871e+00	8.394184e+00
1.915753e+00	8.390057e+00
1.916634e+00	8.385915e+00
1.917516e+00	8.381757e+00
1.918398e+00	8.377584e+00
1.919178e+00	8.373885e+00
1.919957e+00	8.370173e+00
1.920736e+00	8.366449e+00
1.921515e+00	8.362713e+00
1.922295e+00	8.358965e+00
1.923074e+00	8.355205e+00
1.923853e+00	8.351432e+00
1.924632e+00	8.347648e+00
1.925466e+00	8.343586e+00
1.926299e+00	8.339510e+00
1.927133e+00	8.335420e+00
1.927967e+00	8.331316e+00
1.928800e+00	8.327199e+00
1.929634e+00	8.323067e+00
1.930468e+00	8.318921e+00
1.931301e+00	8.314761e+00
1.932136e+00	8.310580e+00
1.932971e+00	8.306386e+00
1.933806e+00	8.302177e+00
1.934641e+00	8.297954e+00
1.935476e+00	8.293717e+00
1.936310e+00	8.289465e+00
1.937145e+00	8.285200e+00
1.937980e+00	8.280919e+00
1.938814e+00	8.276629e+00
1.939648e+00	8.272325e+00
1.940482e+00	8.268006e+00
1.941316e+00	8.263673e+00
1.942150e+00	8.259326e+00
1.942984e+00	8.254964e+00
1.943818e+00	8.250587e+00
1.944652e+00	8.246197e+00
1.945496e+00	8.241738e+00
1.946340e+00	8.237264e+00
1.947184e+00	8.232776e+00
1.948028e+00	8.228272e+00
1.948872e+00	8.223754e+00
1.949716e+00	8.219220e+00
1.950560e+00	8.214672e+00
1.951404e+00	8.210108e+00
1.952211e+00	8.205734e+00
1.953017e+00	8.201346e+00
1.953824e+00	8.196944e+00
1.954630e+00	8.192528e+00
1.955437e+00	8.188099e+00
1.956243e+00	8.183655e+00
1.957049e+00	8.179198e+00
1.957856e+00	8.174726e+00
1.958765e+00	8.169669e+00
1.959674e+00	8.164593e+00
1.960583e+00	8.159500e+00
1.961492e+00	8.154389e+00
1.962401e+00	8.149260e+00
1.963311e+00	8.144113e+00
1.964220e+00	8.138948e+00
1.965129e+00	8.133765e+00
1.965897e+00	8.129372e+00
1.966665e+00	8.124966e+00
1.967433e+00	8.120547e+00
1.968201e+00	8.116115e+00
1.968970e+00	8.111670e+00
1.969738e+00	8.107212e+00
1.970506e+00	8.102741e+00
1.971274e+00	8.098257e+00
1.972104e+00	8.093395e+00
1.972935e+00	8.088518e+00
1.973765e+00	8.083626e+00
1.974595e+00	8.078718e+00
1.975425e+00	8.073796e+00
1.976256e+00	8.068857e+00
1.977086e+00	8.063903e+00
1.977916e+00	8.058934e+00
1.978811e+00	8.053560e+00
1.979706e+00	8.048168e+00
1.980601e+00	8.042758e+00
1.981496e+00	8.037330e+00
1.982391e+00	8.031883e+00
1.983286e+00	8.026418e+00
1.984181e+00	8.020935e+00
1.985076e+00	8.015434e+00
1.985934e+00	8.010142e+00
1.986793e+00	8.004833e+00
1.987651e+00	7.999507e+00
1.988509e+00	7.994164e+00
1.989367e+00	7.988804e+00
1.990225e+00	7.983427e+00
1.991083e+00	7.978033e+00
1.991942e+00	7.972622e+00
1.992699e+00	7.967829e+00
1.993457e+00	7.963023e+00
1.994215e+00	7.958203e+00
1.994973e+00	7.953370e+00
1.995731e+00	7.948523e+00
1.996488e+00	7.943663e+00
1.997246e+00	7.938790e+00
1.998004e+00	7.933902e+00
1.998897e+00	7.928126e+00
1.999790e+00	7.922331e+00
2.000683e+00	7.916517e+00
2.001576e+00	7.910684e+00
2.002469e+00	7.904831e+00
2.003362e+00	7.898960e+00
2.004255e+00	7.893069e+00
2.005148e+00	7.887160e+00
2.005971e+00	7.881692e+00
2.006795e+00	7.876208e+00
2.007618e+00	7.870707e+00
2.008442e+00	7.865190e+00
2.009265e+00	7.859657e+00
2.010089e+00	7.854107e+00
2.010912e+00	7.848540e+00
2.011736e+00	7.842956e+00
2.012541e+00	7.837481e+00
2.013346e+00	7.831989e+00
2.014152e+00	7.826482e+00
2.014957e+00	7.820958e+00
2.015762e+00	7.815418e+00
2.016567e+00	7.809862e+00
2.017372e+00	7.804290e+00
2.018178e+00	7.798701e+00
2.019061e+00	7.792554e+00
2.019944e+00	7.786386e+00
2.020827e+00	7.780199e+00
2.021710e+00	7.773993e+00
2.022593e+00	7.767766e+00
2.023476e+00	7.761520e+00
2.024360e+00	7.755253e+00
2.025243e+00	7.748967e+00
2.026015e+00	7.743453e+00
2.026787e+00	7.737924e+00
2.027559e+00	7.732380e+00
2.028332e+00	7.726820e+00
2.029104e+00	7.721245e+00
2.029876e+00	7.715654e+00
2.030649e+00	7.710048e+00
2.031421e+00	7.704426e+00
2.032344e+00	7.697688e+00
2.033266e+00	7.690927e+00
2.034189e+00	7.684144e+00
2.035112e+00	7.677338e+00
2.036035e+00	7.670510e+00
2.036958e+00	7.663660e+00
2.037881e+00	7.656786e+00
2.038803e+00	7.649890e+00
2.039576e+00	7.644101e+00
2.040348e+00	7.638296e+00
2.041121e+00	7.632474e+00
2.041893e+00	7.626637e+00
2.042665e+00	7.620783e+00
2.043438e+00	7.614913e+00
2.044210e+00	7.609027e+00
2.044982e+00	7.603125e+00
2.045826e+00	7.596662e+00
2.046669e+00	7.590180e+00
2.047512e+00	7.583678e+00
2.048356e+00	7.577156e+00
2.049199e+00	7.570615e+00
2.050042e+00	7.564054e+00
2.050886e+00	7.557473e+00
2.051729e+00	7.550873e+00
2.052532e+00	7.544566e+00
2.053336e+00	7.538241e+00
2.054139e+00	7.531898e+00
2.054943e+00	7.525537e+00
2.055746e+00	7.519158e+00
2.056550e+00	7.512760e+00
2.057353e+00	7.506344e+00
2.058157e+00	7.499910e+00
2.059034e+00	7.492863e+00
2.059912e+00	7.485794e+00
2.060789e+00	7.478702e+00
2.061666e+00	7.471589e+00
2.062544e+00	7.464454e+00
2.063421e+00	7.457296e+00
2.064298e+00	7.450117e+00
2.065176e+00	7.442915e+00
2.066045e+00	7.435755e+00
2.066915e+00	7.428573e+00
2.067785e+00	7.421369e+00
2.068654e+00	7.414143e+00
2.069524e+00	7.406895e+00
2.070393e+00	7.399625e+00
2.071263e+00	7.392332e+00
2.072132e+00	7.385017e+00
2.072965e+00	7.377993e+00
2.073797e+00	7.370949e+00
2.074630e+00	7.363884e+00
2.075462e+00	7.356798e+00
2.076295e+00	7.349691e+00
2.077127e+00	7.342564e+00
2.077960e+00	7.335416e+00
2.078792e+00	7.328247e+00
2.079623e+00	7.321073e+00
2.080454e+00	7.313878e+00
2.081284e+00	7.306663e+00
2.082115e+00	7.299426e+00
2.082946e+00	7.292168e+00
2.083776e+00	7.284890e+00
2.084607e+00	7.277591e+00
2.085438e+00	7.270270e+00
2.086302e+00	7.262637e+00
2.087165e+00	7.254981e+00
2.088029e+00	7.247302e+00
2.088893e+00	7.239600e+00
2.089756e+00	7.231876e+00
2.090620e+00	7.224128e+00
2.091484e+00	7.216358e+00
2.092348e+00	7.208565e+00
2.093128e+00	7.201504e+00
2.093908e+00	7.194425e+00
2.094689e+00	7.187327e+00
2.095469e+00	7.180210e+00
2.096249e+00	7.173074e+00
2.097030e+00	7.165920e+00
2.097810e+00	7.158747e+00
2.098590e+00	7.151555e+00
2.099476e+00	7.143368e+00
2.100362e+00	7.135157e+00
2.101248e+00	7.126922e+00
2.102134e+00	7.118663e+00
2.103020e+00	7.110379e+00
2.103905e+00	7.102071e+00
2.104791e+00	7.093739e+00
2.105677e+00	7.085383e+00
2.106500e+00	7.077600e+00
2.107323e+00	7.069795e+00
2.108146e+00	7.061970e+00
2.108969e+00	7.054124e+00
2.109791e+00	7.046257e+00
2.110614e+00	7.038370e+00
2.111437e+00	7.030462e+00
2.112260e+00	7.022533e+00
2.113070e+00	7.014704e+00
2.113881e+00	7.006855e+00
2.114691e+00	6.998986e+00
2.115502e+00	6.991098e+00
2.116312e+00	6.983189e+00
2.117123e+00	6.975261e+00
2.117933e+00	6.967313e+00
2.118744e+00	6.959345e+00
2.119551e+00	6.951393e+00
2.120358e+00	6.943422e+00
2.121165e+00	6.935431e+00
2.121971e+00	6.927421e+00
2.122778e+00	6.919393e+00
2.123585e+00	6.911345e+00
2.124392e+00	6.903278e+00
2.125199e+00	6.895193e+00
2.126078e+00	6.886363e+00
2.126957e+00	6.877511e+00
2.127836e+00	6.868637e+00
2.128716e+00	6.859742e+00
2.129595e+00	6.850824e+00
2.130474e+00	6.841886e+00
2.131353e+00	6.832925e+00
2.132232e+00	6.823944e+00
2.133025e+00	6.815821e+00
2.133819e+00	6.807681e+00
2.134612e+00	6.799524e+00
2.135405e+00	6.791350e+00
2.136199e+00	6.783159e+00
2.136992e+00	6.774953e+00
2.137785e+00	6.766730e+00
2.138579e+00	6.758490e+00
2.139480e+00	6.749109e+00
2.140382e+00	6.739708e+00
2.141283e+00	6.730286e+00
2.142185e+00	6.720844e+00
2.143086e+00	6.711383e+00
2.143988e+00	6.701903e+00
2.144889e+00	6.692404e+00
2.145791e+00	6.682886e+00
2.146604e+00	6.674282e+00
2.147418e+00	6.665664e+00
2.148231e+00	6.657030e+00
2.149044e+00	6.648383e+00
2.149858e+00	6.639722e+00
2.150671e+00	6.631047e+00
2.151485e+00	6.622358e+00
2.152298e+00	6.613656e+00
2.153077e+00	6.605316e+00
2.153855e+00	6.596965e+00
2.155412e+00	6.580228e+00
2.156190e+00	6.571843e+00
2.156969e+00	6.563447e+00
2.157747e+00	6.555041e+00
2.158526e+00	6.546625e+00
2.159381e+00	6.537364e+00
2.160237e+00	6.528091e+00
2.161092e+00	6.518808e+00
2.161948e+00	6.509514e+00
2.162803e+00	6.500209e+00
2.163659e+00	6.490894e+00
2.164514e+00	6.481569e+00
2.165370e+00	6.472235e+00
2.167165e+00	6.452623e+00
2.168960e+00	6.432975e+00
2.170755e+00	6.413296e+00
2.172550e+00	6.393588e+00
2.174106e+00	6.376483e+00
2.175662e+00	6.359363e+00
2.177218e+00	6.342230e+00
2.178774e+00	6.325087e+00
2.182236e+00	6.286936e+00
2.185697e+00	6.248776e+00
2.187317e+00	6.230911e+00
2.188938e+00	6.213055e+00
2.190559e+00	6.195208e+00
2.192180e+00	6.177376e+00
2.193804e+00	6.159524e+00
2.195428e+00	6.141692e+00
2.197052e+00	6.123883e+00
2.198676e+00	6.106098e+00
2.200351e+00	6.087788e+00
2.202026e+00	6.069511e+00
2.202863e+00	6.060386e+00
2.203701e+00	6.051269e+00
2.205376e+00	6.033067e+00
2.206297e+00	6.023072e+00
2.207218e+00	6.013091e+00
2.208139e+00	6.003123e+00
2.209061e+00	5.993169e+00
2.209982e+00	5.983229e+00
2.210903e+00	5.973304e+00
2.211824e+00	5.963394e+00
2.212745e+00	5.953500e+00
2.213568e+00	5.944675e+00
2.214391e+00	5.935863e+00
2.215214e+00	5.927065e+00
2.216037e+00	5.918280e+00
2.216860e+00	5.909508e+00
2.217683e+00	5.900751e+00
2.218505e+00	5.892008e+00
2.219328e+00	5.883280e+00
2.220108e+00	5.875022e+00
2.220888e+00	5.866778e+00
2.221668e+00	5.858547e+00
2.222447e+00	5.850330e+00
2.223227e+00	5.842128e+00
2.224007e+00	5.833939e+00
2.224787e+00	5.825765e+00
2.225567e+00	5.817605e+00
2.226400e+00	5.808900e+00
2.227234e+00	5.800212e+00
2.228067e+00	5.791541e+00
2.228901e+00	5.782887e+00
2.229734e+00	5.774251e+00
2.230568e+00	5.765633e+00
2.231401e+00	5.757033e+00
2.232235e+00	5.748451e+00
2.233099e+00	5.739571e+00
2.233963e+00	5.730712e+00
2.234827e+00	5.721872e+00
2.235692e+00	5.713053e+00
2.236556e+00	5.704253e+00
2.237420e+00	5.695474e+00
2.238284e+00	5.686716e+00
2.239149e+00	5.677979e+00
2.240034e+00	5.669054e+00
2.240919e+00	5.660151e+00
2.241804e+00	5.651270e+00
2.242688e+00	5.642412e+00
2.243573e+00	5.633575e+00
2.244458e+00	5.624762e+00
2.245343e+00	5.615970e+00
2.246228e+00	5.607202e+00
2.246986e+00	5.599712e+00
2.247744e+00	5.592239e+00
2.248501e+00	5.584783e+00
2.249259e+00	5.577344e+00
2.250017e+00	5.569922e+00
2.250774e+00	5.562516e+00
2.251532e+00	5.555128e+00
2.252290e+00	5.547757e+00
2.253189e+00	5.539034e+00
2.254088e+00	5.530336e+00
2.254986e+00	5.521662e+00
2.255885e+00	5.513012e+00
2.256784e+00	5.504386e+00
2.257683e+00	5.495784e+00
2.258582e+00	5.487207e+00
2.259481e+00	5.478654e+00
2.260278e+00	5.471084e+00
2.261076e+00	5.463533e+00
2.261874e+00	5.456002e+00
2.262671e+00	5.448490e+00
2.263469e+00	5.440997e+00
2.264267e+00	5.433523e+00
2.265065e+00	5.426068e+00
2.265862e+00	5.418633e+00
2.266657e+00	5.411241e+00
2.267453e+00	5.403867e+00
2.268248e+00	5.396513e+00
2.269043e+00	5.389178e+00
2.269838e+00	5.381862e+00
2.270633e+00	5.374566e+00
2.271428e+00	5.367288e+00
2.272224e+00	5.360030e+00
2.273152e+00	5.351581e+00
2.274080e+00	5.343158e+00
2.275008e+00	5.334761e+00
2.275936e+00	5.326390e+00
2.276865e+00	5.318045e+00
2.277793e+00	5.309727e+00
2.278721e+00	5.301433e+00
2.279649e+00	5.293166e+00
2.280475e+00	5.285829e+00
2.281302e+00	5.278513e+00
2.282128e+00	5.271217e+00
2.282954e+00	5.263941e+00
2.283780e+00	5.256686e+00
2.284606e+00	5.249451e+00
2.285433e+00	5.242236e+00
2.286259e+00	5.235041e+00
2.287042e+00	5.228242e+00
2.287825e+00	5.221461e+00
2.288608e+00	5.214698e+00
2.289391e+00	5.207953e+00
2.290174e+00	5.201226e+00
2.290956e+00	5.194518e+00
2.291739e+00	5.187827e+00
2.292522e+00	5.181154e+00
2.293358e+00	5.174048e+00
2.294194e+00	5.166963e+00
2.295030e+00	5.159898e+00
2.295867e+00	5.152853e+00
2.296703e+00	5.145828e+00
2.297539e+00	5.138824e+00
2.298375e+00	5.131840e+00
2.299211e+00	5.124876e+00
2.300033e+00	5.118050e+00
2.300854e+00	5.111243e+00
2.301676e+00	5.104455e+00
2.302498e+00	5.097687e+00
2.303320e+00	5.090938e+00
2.304142e+00	5.084208e+00
2.304964e+00	5.077498e+00
2.305785e+00	5.070806e+00
2.306659e+00	5.063717e+00
2.307532e+00	5.056650e+00
2.308405e+00	5.049604e+00
2.309278e+00	5.042579e+00
2.310151e+00	5.035576e+00
2.311024e+00	5.028594e+00
2.311898e+00	5.021633e+00
2.312771e+00	5.014693e+00
2.313578e+00	5.008293e+00
2.314386e+00	5.001911e+00
2.315194e+00	4.995546e+00
2.316001e+00	4.989200e+00
2.316809e+00	4.982872e+00
2.317616e+00	4.976561e+00
2.318424e+00	4.970268e+00
2.319232e+00	4.963993e+00
2.320081e+00	4.957410e+00
2.320931e+00	4.950847e+00
2.321781e+00	4.944303e+00
2.322630e+00	4.937779e+00
2.323480e+00	4.931274e+00
2.324330e+00	4.924788e+00
2.325179e+00	4.918322e+00
2.326029e+00	4.911874e+00
2.326886e+00	4.905391e+00
2.327743e+00	4.898927e+00
2.328600e+00	4.892483e+00
2.329457e+00	4.886058e+00
2.330314e+00	4.879652e+00
2.331171e+00	4.873265e+00
2.332028e+00	4.866898e+00
2.332885e+00	4.860550e+00
2.333710e+00	4.854453e+00
2.334536e+00	4.848373e+00
2.335361e+00	4.842312e+00
2.336187e+00	4.836267e+00
2.337012e+00	4.830241e+00
2.337838e+00	4.824232e+00
2.338664e+00	4.818240e+00
2.339489e+00	4.812266e+00
2.340316e+00	4.806300e+00
2.341143e+00	4.800352e+00
2.341969e+00	4.794421e+00
2.342796e+00	4.788508e+00
2.343623e+00	4.782612e+00
2.344449e+00	4.776733e+00
2.345276e+00	4.770871e+00
2.346103e+00	4.765026e+00
2.346937e+00	4.759149e+00
2.347771e+00	4.753288e+00
2.348605e+00	4.747445e+00
2.349438e+00	4.741619e+00
2.350272e+00	4.735811e+00
2.351106e+00	4.730019e+00
2.351940e+00	4.724245e+00
2.352774e+00	4.718488e+00
2.353572e+00	4.712996e+00
2.354370e+00	4.707520e+00
2.355167e+00	4.702059e+00
2.355965e+00	4.696614e+00
2.356763e+00	4.691184e+00
2.357561e+00	4.685770e+00
2.358359e+00	4.680371e+00
2.359156e+00	4.674987e+00
2.360058e+00	4.668920e+00
2.360960e+00	4.662872e+00
2.361862e+00	4.656844e+00
2.362764e+00	4.650835e+00
2.363666e+00	4.644846e+00
2.364568e+00	4.638877e+00
2.365470e+00	4.632926e+00
2.366372e+00	4.626995e+00
2.367169e+00	4.621770e+00
2.367966e+00	4.616560e+00
2.368763e+00	4.611366e+00
2.369560e+00	4.606186e+00
2.370357e+00	4.601021e+00
2.371154e+00	4.595871e+00
2.371951e+00	4.590736e+00
2.372748e+00	4.585615e+00
2.373583e+00	4.580263e+00
2.374419e+00	4.574927e+00
2.375254e+00	4.569607e+00
2.376090e+00	4.564304e+00
2.376926e+00	4.559017e+00
2.377761e+00	4.553746e+00
2.378597e+00	4.548491e+00
2.379432e+00	4.543252e+00
2.380277e+00	4.537972e+00
2.381122e+00	4.532709e+00
2.381966e+00	4.527462e+00
2.382811e+00	4.522232e+00
2.383656e+00	4.517018e+00
2.384500e+00	4.511820e+00
2.385345e+00	4.506638e+00
2.386190e+00	4.501473e+00
2.386992e+00	4.496579e+00
2.387795e+00	4.491700e+00
2.388598e+00	4.486836e+00
2.389400e+00	4.481986e+00
2.390203e+00	4.477150e+00
2.391006e+00	4.472329e+00
2.391808e+00	4.467523e+00
2.392611e+00	4.462731e+00
2.393540e+00	4.457202e+00
2.394469e+00	4.451692e+00
2.395398e+00	4.446202e+00
2.396327e+00	4.440731e+00
2.397257e+00	4.435279e+00
2.398186e+00	4.429846e+00
2.399115e+00	4.424432e+00
2.400044e+00	4.419037e+00
2.400787e+00	4.414737e+00
2.401530e+00	4.410450e+00
2.402273e+00	4.406174e+00
2.403016e+00	4.401910e+00
2.403759e+00	4.397659e+00
2.404502e+00	4.393419e+00
2.405244e+00	4.389192e+00
2.405987e+00	4.384976e+00
2.406912e+00	4.379748e+00
2.407836e+00	4.374539e+00
2.408760e+00	4.369348e+00
2.409685e+00	4.364176e+00
2.410609e+00	4.359023e+00
2.411533e+00	4.353887e+00
2.411996e+00	4.351327e+00
2.412458e+00	4.348770e+00
2.412689e+00	4.347494e+00
2.412920e+00	4.346017e+00
2.413151e+00	4.344743e+00
2.413382e+00	4.343470e+00
2.413785e+00	4.341255e+00
2.414187e+00	4.339044e+00
2.414993e+00	4.334631e+00
2.415798e+00	4.330233e+00
2.416603e+00	4.325848e+00
2.417409e+00	4.321477e+00
2.418214e+00	4.317120e+00
2.419019e+00	4.312777e+00
2.419824e+00	4.308448e+00
2.420634e+00	4.304111e+00
2.421443e+00	4.299789e+00
2.422252e+00	4.295480e+00
2.423061e+00	4.291185e+00
2.423870e+00	4.286904e+00
2.424680e+00	4.282637e+00
2.425489e+00	4.278383e+00
2.426298e+00	4.274144e+00
2.427145e+00	4.269719e+00
2.427993e+00	4.265310e+00
2.428840e+00	4.260916e+00
2.429687e+00	4.256536e+00
2.430534e+00	4.252172e+00
2.431382e+00	4.247822e+00
2.432229e+00	4.243488e+00
2.433076e+00	4.239168e+00
2.433898e+00	4.234994e+00
2.434719e+00	4.230834e+00
2.435541e+00	4.226688e+00
2.436363e+00	4.222555e+00
2.437184e+00	4.218437e+00
2.438006e+00	4.214333e+00
2.438827e+00	4.210242e+00
2.439649e+00	4.206165e+00
2.440499e+00	4.201963e+00
2.441348e+00	4.197775e+00
2.442198e+00	4.193603e+00
2.443048e+00	4.189444e+00
2.443898e+00	4.185301e+00
2.444748e+00	4.181172e+00
2.445597e+00	4.177059e+00
2.446447e+00	4.172959e+00
2.447261e+00	4.169047e+00
2.448075e+00	4.165149e+00
2.448889e+00	4.161264e+00
2.449702e+00	4.157392e+00
2.450516e+00	4.153534e+00
2.451330e+00	4.149689e+00
2.452144e+00	4.145857e+00
2.452958e+00	4.142038e+00
2.453412e+00	4.139914e+00
2.453866e+00	4.137794e+00
2.454320e+00	4.135677e+00
2.454774e+00	4.133565e+00
2.455682e+00	4.129353e+00
2.456590e+00	4.125158e+00
2.457044e+00	4.123066e+00
2.457498e+00	4.120978e+00
2.457952e+00	4.118895e+00
2.458406e+00	4.116816e+00
2.459314e+00	4.112669e+00
2.459768e+00	4.110602e+00
2.460222e+00	4.108539e+00
2.461054e+00	4.104772e+00
2.461885e+00	4.101018e+00
2.462717e+00	4.097278e+00
2.463548e+00	4.093551e+00
2.464380e+00	4.089838e+00
2.465211e+00	4.086139e+00
2.466043e+00	4.082453e+00
2.466874e+00	4.078781e+00
2.467675e+00	4.075255e+00
2.468477e+00	4.071742e+00
2.469278e+00	4.068241e+00
2.470079e+00	4.064753e+00
2.470880e+00	4.061277e+00
2.471681e+00	4.057814e+00
2.472483e+00	4.054363e+00
2.473284e+00	4.050925e+00
2.474119e+00	4.047354e+00
2.474954e+00	4.043797e+00
2.475789e+00	4.040254e+00
2.476624e+00	4.036724e+00
2.477459e+00	4.033207e+00
2.478294e+00	4.029704e+00
2.479129e+00	4.026214e+00
2.479964e+00	4.022737e+00
2.480577e+00	4.020193e+00
2.481190e+00	4.017656e+00
2.481803e+00	4.015127e+00
2.482416e+00	4.012604e+00
2.483029e+00	4.010089e+00
2.483642e+00	4.007581e+00
2.484255e+00	4.005079e+00
2.484868e+00	4.002585e+00
2.485481e+00	4.000098e+00
2.486095e+00	3.997619e+00
2.486708e+00	3.995146e+00
2.487321e+00	3.992680e+00
2.487934e+00	3.990221e+00
2.488547e+00	3.987770e+00
2.489160e+00	3.985325e+00
2.489773e+00	3.982888e+00
2.490386e+00	3.980458e+00
2.490999e+00	3.978034e+00
2.491612e+00	3.975618e+00
2.492225e+00	3.973208e+00
2.492838e+00	3.970806e+00
2.493451e+00	3.968411e+00
2.494064e+00	3.966022e+00
2.494677e+00	3.963641e+00
2.495290e+00	3.961266e+00
2.495904e+00	3.958899e+00
2.496517e+00	3.956538e+00
2.497130e+00	3.954185e+00
2.497743e+00	3.951838e+00
2.498356e+00	3.949498e+00
2.498969e+00	3.947165e+00
2.499582e+00	3.944840e+00
2.499791e+00	3.944048e+00
2.500000e+00	3.943257e+00
