0.000000e+00	0.000000e+00
3.156566e-03	5.800576e-03
6.313131e-03	1.171048e-02
1.196434e-02	2.256957e-02
1.761554e-02	3.379292e-02
2.326675e-02	4.538988e-02
2.891796e-02	5.737023e-02
3.456916e-02	6.974137e-02
4.022037e-02	8.251137e-02
4.587158e-02	9.568763e-02
5.152278e-02	1.092776e-01
5.717399e-02	1.232883e-01
6.282520e-02	1.377266e-01
6.847640e-02	1.525992e-01
7.412761e-02	1.679123e-01
7.977882e-02	1.836720e-01
8.543002e-02	1.998844e-01
9.108123e-02	2.165555e-01
9.673244e-02	2.336909e-01
1.029242e-01	2.530049e-01
1.091159e-01	2.728906e-01
1.153077e-01	2.933552e-01
1.214994e-01	3.144059e-01
1.276911e-01	3.360500e-01
1.338829e-01	3.582949e-01
1.400746e-01	3.811482e-01
1.462663e-01	4.046174e-01
1.524581e-01	4.287102e-01
1.586498e-01	4.534349e-01
1.648416e-01	4.787997e-01
1.710333e-01	5.048134e-01
1.772250e-01	5.314849e-01
1.834168e-01	5.588236e-01
1.896085e-01	5.868396e-01
1.958003e-01	6.155432e-01
2.023191e-01	6.465188e-01
2.088380e-01	6.782830e-01
2.153568e-01	7.108498e-01
2.218757e-01	7.442346e-01
2.283945e-01	7.784534e-01
2.349134e-01	8.135236e-01
2.414323e-01	8.494630e-01
2.479511e-01	8.862908e-01
2.544700e-01	9.240271e-01
2.609888e-01	9.626934e-01
2.675077e-01	1.002312e+00
2.740265e-01	1.042907e+00
2.870643e-01	1.127123e+00
2.935831e-01	1.170799e+00
3.001020e-01	1.215556e+00
3.134469e-01	1.310679e+00
3.267918e-01	1.410728e+00
3.334643e-01	1.462688e+00
3.401367e-01	1.515988e+00
3.468092e-01	1.570666e+00
3.534817e-01	1.626761e+00
3.668266e-01	1.743360e+00
3.801715e-01	1.866111e+00
3.935164e-01	1.995339e+00
4.068613e-01	2.131369e+00
4.185384e-01	2.256224e+00
4.302155e-01	2.386728e+00
4.418926e-01	2.523066e+00
4.535696e-01	2.665403e+00
4.652467e-01	2.813886e+00
4.769238e-01	2.968630e+00
4.886009e-01	3.129725e+00
5.002780e-01	3.297230e+00
5.137676e-01	3.498752e+00
5.272572e-01	3.708868e+00
5.407469e-01	3.927534e+00
5.542365e-01	4.154689e+00
5.677262e-01	4.390272e+00
5.812158e-01	4.634242e+00
5.947055e-01	4.886620e+00
6.081951e-01	5.147517e+00
6.205190e-01	5.393517e+00
6.328429e-01	5.647125e+00
6.451668e-01	5.908771e+00
6.574907e-01	6.179019e+00
6.698145e-01	6.458578e+00
6.821384e-01	6.748273e+00
6.944623e-01	7.049006e+00
7.067862e-01	7.361727e+00
7.199204e-01	7.709111e+00
7.330545e-01	8.071628e+00
7.461887e-01	8.449075e+00
7.593229e-01	8.839805e+00
7.724571e-01	9.239820e+00
7.855912e-01	9.641596e+00
7.987254e-01	1.003275e+01
8.118596e-01	1.039501e+01
8.177113e-01	1.054097e+01
8.235631e-01	1.067407e+01
8.294148e-01	1.079183e+01
8.352666e-01	1.089184e+01
8.411184e-01	1.097182e+01
8.440442e-01	1.100368e+01
8.469701e-01	1.102983e+01
8.498960e-01	1.105010e+01
8.528219e-01	1.106435e+01
8.542848e-01	1.106918e+01
8.557478e-01	1.107248e+01
8.572107e-01	1.107423e+01
8.586736e-01	1.107443e+01
8.601366e-01	1.107307e+01
8.615995e-01	1.107017e+01
8.630625e-01	1.106572e+01
8.645254e-01	1.105973e+01
8.674513e-01	1.104316e+01
8.703772e-01	1.102058e+01
8.733031e-01	1.099211e+01
8.762289e-01	1.095793e+01
8.820807e-01	1.087329e+01
8.879325e-01	1.076862e+01
8.937842e-01	1.064620e+01
9.054877e-01	1.035793e+01
9.189354e-01	9.976450e+00
9.323831e-01	9.565967e+00
9.458307e-01	9.146063e+00
9.592784e-01	8.729753e+00
9.727261e-01	8.324674e+00
9.861737e-01	7.934617e+00
9.996214e-01	7.560858e+00
1.013069e+00	7.203163e+00
1.024608e+00	6.908248e+00
1.036147e+00	6.623481e+00
1.047686e+00	6.347889e+00
1.059225e+00	6.080512e+00
1.070765e+00	5.820459e+00
1.082304e+00	5.566937e+00
1.105382e+00	5.076887e+00
1.119389e+00	4.789140e+00
1.133396e+00	4.507943e+00
1.147403e+00	4.232904e+00
1.161410e+00	3.963794e+00
1.175417e+00	3.700505e+00
1.189424e+00	3.443009e+00
1.203431e+00	3.191322e+00
1.217438e+00	2.945469e+00
1.229610e+00	2.736567e+00
1.241782e+00	2.532062e+00
1.253954e+00	2.331908e+00
1.266127e+00	2.136029e+00
1.278299e+00	1.944310e+00
1.290471e+00	1.756602e+00
1.302643e+00	1.572722e+00
1.314815e+00	1.392452e+00
1.327130e+00	1.213499e+00
1.339444e+00	1.037704e+00
1.351758e+00	8.647554e-01
1.364072e+00	6.943221e-01
1.388701e+00	3.595821e-01
1.413330e+00	3.050437e-02
1.440019e+00	-3.233702e-01
1.466708e+00	-6.784250e-01
1.493397e+00	-1.038815e+00
1.506742e+00	-1.222286e+00
1.520086e+00	-1.408597e+00
1.542562e+00	-1.730110e+00
1.553801e+00	-1.895036e+00
1.565039e+00	-2.063059e+00
1.576277e+00	-2.234393e+00
1.587515e+00	-2.409228e+00
1.598753e+00	-2.587733e+00
1.609991e+00	-2.770053e+00
1.623935e+00	-3.001763e+00
1.637880e+00	-3.239719e+00
1.651824e+00	-3.484063e+00
1.665769e+00	-3.734912e+00
1.679713e+00	-3.992376e+00
1.693658e+00	-4.256585e+00
1.707602e+00	-4.527718e+00
1.721546e+00	-4.806045e+00
1.744188e+00	-5.274343e+00
1.766829e+00	-5.765281e+00
1.778150e+00	-6.020417e+00
1.789470e+00	-6.282793e+00
1.800791e+00	-6.553098e+00
1.812112e+00	-6.832067e+00
1.824920e+00	-7.159073e+00
1.837729e+00	-7.499032e+00
1.850537e+00	-7.852519e+00
1.863346e+00	-8.219412e+00
1.876154e+00	-8.598376e+00
1.888963e+00	-8.986134e+00
1.901771e+00	-9.376513e+00
1.914580e+00	-9.759349e+00
1.928054e+00	-1.013729e+01
1.934791e+00	-1.030968e+01
1.941527e+00	-1.046654e+01
1.948264e+00	-1.060428e+01
1.955001e+00	-1.071934e+01
1.958370e+00	-1.076732e+01
1.961738e+00	-1.080843e+01
1.965107e+00	-1.084235e+01
1.968475e+00	-1.086880e+01
1.971844e+00	-1.088755e+01
1.973528e+00	-1.089399e+01
1.975212e+00	-1.089845e+01
1.976897e+00	-1.090092e+01
1.978581e+00	-1.090139e+01
1.980265e+00	-1.089986e+01
1.981949e+00	-1.089634e+01
1.983634e+00	-1.089083e+01
1.985318e+00	-1.088334e+01
1.988686e+00	-1.086250e+01
1.992055e+00	-1.083398e+01
1.995423e+00	-1.079802e+01
2.002160e+00	-1.070494e+01
2.008897e+00	-1.058606e+01
2.015634e+00	-1.044471e+01
2.022371e+00	-1.028446e+01
2.028874e+00	-1.011524e+01
2.035376e+00	-9.934884e+00
2.048381e+00	-9.551779e+00
2.061386e+00	-9.153895e+00
2.074391e+00	-8.754438e+00
2.100401e+00	-7.980587e+00
2.113406e+00	-7.613017e+00
2.126411e+00	-7.259576e+00
2.138022e+00	-6.955607e+00
2.149633e+00	-6.661870e+00
2.161243e+00	-6.377533e+00
2.172854e+00	-6.101722e+00
2.184465e+00	-5.833587e+00
2.196076e+00	-5.572350e+00
2.219298e+00	-5.067926e+00
2.232308e+00	-4.794556e+00
2.245319e+00	-4.527112e+00
2.258330e+00	-4.265192e+00
2.271340e+00	-4.008503e+00
2.284351e+00	-3.756837e+00
2.297361e+00	-3.510045e+00
2.310372e+00	-3.268013e+00
2.323383e+00	-3.030641e+00
2.335761e+00	-2.809035e+00
2.348139e+00	-2.591443e+00
2.360518e+00	-2.377735e+00
2.372896e+00	-2.167747e+00
2.397653e+00	-1.758115e+00
2.422409e+00	-1.360573e+00
2.435734e+00	-1.150762e+00
2.449059e+00	-9.433091e-01
2.475708e+00	-5.336077e-01
2.502358e+00	-1.275547e-01
2.529007e+00	2.789002e-01
2.552764e+00	6.448238e-01
2.576521e+00	1.016918e+00
2.600277e+00	1.397600e+00
2.624034e+00	1.788926e+00
2.636667e+00	2.001932e+00
2.649300e+00	2.218599e+00
2.661934e+00	2.439073e+00
2.674567e+00	2.663460e+00
2.687200e+00	2.891832e+00
2.699833e+00	3.124236e+00
2.725099e+00	3.601250e+00
2.738774e+00	3.866269e+00
2.752448e+00	4.136204e+00
2.766122e+00	4.411219e+00
2.779797e+00	4.691589e+00
2.793471e+00	4.977728e+00
2.807145e+00	5.270223e+00
2.820820e+00	5.569859e+00
2.834494e+00	5.877629e+00
2.846822e+00	6.163063e+00
2.859150e+00	6.457091e+00
2.871478e+00	6.760800e+00
2.883806e+00	7.075304e+00
2.896134e+00	7.401620e+00
2.908462e+00	7.740488e+00
2.920790e+00	8.092129e+00
2.933118e+00	8.455823e+00
2.958118e+00	9.218909e+00
2.970619e+00	9.600648e+00
2.983119e+00	9.967599e+00
2.995619e+00	1.030275e+01
3.001869e+00	1.045190e+01
3.008119e+00	1.058497e+01
3.014370e+00	1.069908e+01
3.020620e+00	1.079153e+01
3.023745e+00	1.082889e+01
3.026870e+00	1.085998e+01
3.029995e+00	1.088460e+01
3.033120e+00	1.090258e+01
3.034722e+00	1.090918e+01
3.036323e+00	1.091399e+01
3.037925e+00	1.091700e+01
3.039527e+00	1.091821e+01
3.041128e+00	1.091762e+01
3.042730e+00	1.091522e+01
3.044332e+00	1.091103e+01
3.045933e+00	1.090505e+01
3.049137e+00	1.088778e+01
3.052340e+00	1.086356e+01
3.055543e+00	1.083257e+01
3.058747e+00	1.079505e+01
3.065153e+00	1.070153e+01
3.071560e+00	1.058558e+01
3.077967e+00	1.045013e+01
3.084373e+00	1.029825e+01
3.097187e+00	9.957336e+00
3.110000e+00	9.584975e+00
3.122813e+00	9.198634e+00
3.135627e+00	8.810622e+00
3.158664e+00	8.131560e+00
3.170183e+00	7.806248e+00
3.181702e+00	7.491629e+00
3.193220e+00	7.187661e+00
3.204739e+00	6.893899e+00
3.216258e+00	6.609691e+00
3.227776e+00	6.334305e+00
3.240599e+00	6.037241e+00
3.253421e+00	5.749300e+00
3.266244e+00	5.469703e+00
3.279066e+00	5.197825e+00
3.291889e+00	4.933198e+00
3.304711e+00	4.675487e+00
3.317534e+00	4.424481e+00
3.330357e+00	4.180058e+00
3.343984e+00	3.927449e+00
3.357611e+00	3.682192e+00
3.371239e+00	3.444282e+00
3.384866e+00	3.213696e+00
3.398493e+00	2.990374e+00
3.412121e+00	2.774205e+00
3.425748e+00	2.565010e+00
3.439375e+00	2.362543e+00
3.451495e+00	2.187871e+00
3.463616e+00	2.018010e+00
3.475736e+00	1.852658e+00
3.487856e+00	1.691484e+00
3.499976e+00	1.534127e+00
3.512096e+00	1.380204e+00
3.524216e+00	1.229315e+00
3.536336e+00	1.081047e+00
3.560351e+00	7.933427e-01
3.584367e+00	5.109402e-01
3.608382e+00	2.305207e-01
3.632398e+00	-5.116457e-02
3.657653e+00	-3.521883e-01
3.670281e+00	-5.056072e-01
3.682909e+00	-6.615143e-01
3.695536e+00	-8.203015e-01
3.708164e+00	-9.823406e-01
3.720792e+00	-1.147982e+00
3.733420e+00	-1.317550e+00
3.746055e+00	-1.491452e+00
3.758691e+00	-1.669848e+00
3.771327e+00	-1.852969e+00
3.783962e+00	-2.041004e+00
3.796598e+00	-2.234105e+00
3.809234e+00	-2.432376e+00
3.821869e+00	-2.635880e+00
3.834505e+00	-2.844636e+00
3.847529e+00	-3.065289e+00
3.860554e+00	-3.291446e+00
3.873578e+00	-3.523027e+00
3.886602e+00	-3.759946e+00
3.899627e+00	-4.002130e+00
3.912651e+00	-4.249541e+00
3.925675e+00	-4.502212e+00
3.938699e+00	-4.760267e+00
3.951070e+00	-5.010577e+00
3.963441e+00	-5.266301e+00
3.975811e+00	-5.527915e+00
3.988182e+00	-5.796050e+00
4.000552e+00	-6.071497e+00
4.012923e+00	-6.355202e+00
4.025294e+00	-6.648247e+00
4.037664e+00	-6.951811e+00
4.051296e+00	-7.299934e+00
4.064927e+00	-7.663747e+00
4.078558e+00	-8.044235e+00
4.092190e+00	-8.441397e+00
4.105821e+00	-8.853446e+00
4.119453e+00	-9.275668e+00
4.133084e+00	-9.698937e+00
4.146715e+00	-1.010807e+01
4.159466e+00	-1.045838e+01
4.165841e+00	-1.061447e+01
4.172217e+00	-1.075363e+01
4.178592e+00	-1.087265e+01
4.184967e+00	-1.096849e+01
4.188155e+00	-1.100689e+01
4.191343e+00	-1.103855e+01
4.194530e+00	-1.106324e+01
4.197718e+00	-1.108079e+01
4.199312e+00	-1.108685e+01
4.200906e+00	-1.109107e+01
4.202499e+00	-1.109345e+01
4.204093e+00	-1.109399e+01
4.205687e+00	-1.109269e+01
4.207281e+00	-1.108956e+01
4.208875e+00	-1.108459e+01
4.210469e+00	-1.107780e+01
4.213656e+00	-1.105883e+01
4.216844e+00	-1.103279e+01
4.220032e+00	-1.099990e+01
4.223219e+00	-1.096040e+01
4.229595e+00	-1.086281e+01
4.235970e+00	-1.074275e+01
4.242345e+00	-1.060329e+01
4.248721e+00	-1.044761e+01
4.254917e+00	-1.028379e+01
4.261113e+00	-1.011038e+01
4.273505e+00	-9.744491e+00
4.285897e+00	-9.366277e+00
4.298289e+00	-8.987269e+00
4.323073e+00	-8.253201e+00
4.335465e+00	-7.904366e+00
4.347858e+00	-7.568925e+00
4.360175e+00	-7.248522e+00
4.372492e+00	-6.940375e+00
4.384809e+00	-6.643574e+00
4.397126e+00	-6.357172e+00
4.409444e+00	-6.080282e+00
4.421761e+00	-5.812135e+00
4.434078e+00	-5.552106e+00
4.446395e+00	-5.299723e+00
4.458186e+00	-5.064971e+00
4.469978e+00	-4.836743e+00
4.481769e+00	-4.614952e+00
4.493561e+00	-4.399585e+00
4.505352e+00	-4.190678e+00
4.517143e+00	-3.988303e+00
4.528935e+00	-3.792543e+00
4.540726e+00	-3.603481e+00
4.553868e+00	-3.400737e+00
4.567010e+00	-3.206451e+00
4.580152e+00	-3.020627e+00
4.593294e+00	-2.843210e+00
4.606436e+00	-2.674085e+00
4.619578e+00	-2.513079e+00
4.632721e+00	-2.359967e+00
4.645863e+00	-2.214479e+00
4.657781e+00	-2.088869e+00
4.669700e+00	-1.969028e+00
4.681619e+00	-1.854694e+00
4.693538e+00	-1.745595e+00
4.705457e+00	-1.641459e+00
4.717376e+00	-1.542011e+00
4.729294e+00	-1.446982e+00
4.741213e+00	-1.356110e+00
4.748277e+00	-1.304115e+00
4.755340e+00	-1.253441e+00
4.762404e+00	-1.204038e+00
4.769468e+00	-1.155861e+00
4.776531e+00	-1.108862e+00
4.783595e+00	-1.062999e+00
4.790658e+00	-1.018230e+00
4.797722e+00	-9.745142e-01
4.804785e+00	-9.318135e-01
4.811849e+00	-8.900916e-01
4.818912e+00	-8.493142e-01
4.825976e+00	-8.094485e-01
4.833039e+00	-7.704634e-01
4.840103e+00	-7.323295e-01
4.847166e+00	-6.950193e-01
4.854230e+00	-6.585070e-01
4.865879e+00	-5.999700e-01
4.877528e+00	-5.434347e-01
4.889177e+00	-4.888091e-01
4.900826e+00	-4.360097e-01
4.912475e+00	-3.849603e-01
4.924124e+00	-3.355913e-01
4.935773e+00	-2.878376e-01
4.947421e+00	-2.416384e-01
4.953817e+00	-2.169151e-01
4.960212e+00	-1.926331e-01
4.973002e+00	-1.453556e-01
4.979397e+00	-1.223412e-01
4.985793e+00	-9.973032e-02
4.992188e+00	-7.751318e-02
4.998583e+00	-5.567983e-02
5.011373e+00	-1.312320e-02
5.024164e+00	2.802616e-02
5.030559e+00	4.810199e-02
5.036954e+00	6.786166e-02
5.043349e+00	8.731822e-02
5.049744e+00	1.064854e-01
5.063194e+00	1.459176e-01
5.069919e+00	1.652221e-01
5.076644e+00	1.842780e-01
5.090094e+00	2.217266e-01
5.103545e+00	2.584398e-01
5.116995e+00	2.946130e-01
5.130445e+00	3.304602e-01
5.157345e+00	4.021360e-01
5.169818e+00	4.358360e-01
5.182292e+00	4.701530e-01
5.194765e+00	5.053404e-01
5.201002e+00	5.233444e-01
5.207239e+00	5.416688e-01
5.213476e+00	5.603500e-01
5.219713e+00	5.794251e-01
5.225949e+00	5.989324e-01
5.232186e+00	6.189112e-01
5.238423e+00	6.394015e-01
5.244660e+00	6.604444e-01
5.250896e+00	6.820819e-01
5.257133e+00	7.043569e-01
5.263415e+00	7.274828e-01
5.269697e+00	7.513456e-01
5.275980e+00	7.759919e-01
5.282262e+00	8.014688e-01
5.288544e+00	8.278244e-01
5.294826e+00	8.551074e-01
5.301108e+00	8.833671e-01
5.307390e+00	9.126534e-01
5.313672e+00	9.430171e-01
5.319954e+00	9.745091e-01
5.326236e+00	1.007181e+00
5.332519e+00	1.041085e+00
5.338801e+00	1.076272e+00
5.345083e+00	1.112795e+00
5.351365e+00	1.150707e+00
5.357647e+00	1.190059e+00
5.363330e+00	1.226946e+00
5.369014e+00	1.265094e+00
5.380381e+00	1.345324e+00
5.386064e+00	1.387481e+00
5.391748e+00	1.431050e+00
5.397431e+00	1.476065e+00
5.403114e+00	1.522565e+00
5.414481e+00	1.620152e+00
5.425848e+00	1.724076e+00
5.437215e+00	1.834583e+00
5.448582e+00	1.951897e+00
5.461254e+00	2.090941e+00
5.473926e+00	2.238901e+00
5.486599e+00	2.395931e+00
5.499271e+00	2.562123e+00
5.511943e+00	2.737486e+00
5.524615e+00	2.921952e+00
5.537287e+00	3.115373e+00
5.549959e+00	3.317516e+00
5.562852e+00	3.531811e+00
5.575744e+00	3.754440e+00
5.588636e+00	3.984976e+00
5.601528e+00	4.222977e+00
5.614421e+00	4.468013e+00
5.627313e+00	4.719712e+00
5.640205e+00	4.977795e+00
5.653098e+00	5.242117e+00
5.665687e+00	5.506289e+00
5.678277e+00	5.776656e+00
5.690867e+00	6.053638e+00
5.703457e+00	6.337874e+00
5.716047e+00	6.630211e+00
5.728637e+00	6.931675e+00
5.741227e+00	7.243402e+00
5.753817e+00	7.566551e+00
5.766720e+00	7.910624e+00
5.779623e+00	8.268334e+00
5.792526e+00	8.639351e+00
5.805429e+00	9.021737e+00
5.818332e+00	9.411026e+00
5.831235e+00	9.799061e+00
5.844138e+00	1.017281e+01
5.850589e+00	1.034872e+01
5.857041e+00	1.051365e+01
5.863638e+00	1.066772e+01
5.870235e+00	1.080360e+01
5.876833e+00	1.091785e+01
5.883430e+00	1.100726e+01
5.886729e+00	1.104178e+01
5.890028e+00	1.106913e+01
5.893327e+00	1.108907e+01
5.894976e+00	1.109622e+01
5.896625e+00	1.110145e+01
5.898275e+00	1.110477e+01
5.899924e+00	1.110616e+01
5.901573e+00	1.110562e+01
5.903223e+00	1.110315e+01
5.904872e+00	1.109877e+01
5.906521e+00	1.109246e+01
5.909820e+00	1.107417e+01
5.913119e+00	1.104843e+01
5.916418e+00	1.101545e+01
5.919716e+00	1.097549e+01
5.923015e+00	1.092887e+01
5.929613e+00	1.081707e+01
5.936210e+00	1.068321e+01
5.942807e+00	1.053072e+01
5.949405e+00	1.036308e+01
5.962600e+00	9.995440e+00
5.975037e+00	9.626176e+00
5.987473e+00	9.249614e+00
6.012347e+00	8.509651e+00
6.024784e+00	8.155201e+00
6.037221e+00	7.813294e+00
6.049658e+00	7.483906e+00
6.062095e+00	7.166333e+00
6.074425e+00	6.862113e+00
6.086756e+00	6.567378e+00
6.099087e+00	6.281055e+00
6.111417e+00	6.002201e+00
6.123748e+00	5.730050e+00
6.136079e+00	5.464031e+00
6.148410e+00	5.203775e+00
6.160740e+00	4.949105e+00
6.173616e+00	4.689138e+00
6.186491e+00	4.435411e+00
6.199367e+00	4.188211e+00
6.212242e+00	3.947915e+00
6.225117e+00	3.714950e+00
6.237993e+00	3.489749e+00
6.250868e+00	3.272703e+00
6.263744e+00	3.064210e+00
6.275888e+00	2.875648e+00
6.288031e+00	2.695109e+00
6.300175e+00	2.522698e+00
6.312319e+00	2.358443e+00
6.324463e+00	2.202303e+00
6.336606e+00	2.054169e+00
6.348750e+00	1.913868e+00
6.360894e+00	1.781175e+00
6.373551e+00	1.650672e+00
6.379880e+00	1.588298e+00
6.386208e+00	1.527777e+00
6.398865e+00	1.412093e+00
6.411522e+00	1.303189e+00
6.417851e+00	1.251139e+00
6.424180e+00	1.200612e+00
6.436837e+00	1.103890e+00
6.443165e+00	1.057575e+00
6.449494e+00	1.012541e+00
6.455822e+00	9.687260e-01
6.462151e+00	9.260701e-01
6.474569e+00	8.454996e-01
6.486987e+00	7.686827e-01
6.493196e+00	7.315362e-01
6.499405e+00	6.951541e-01
6.511823e+00	6.244540e-01
6.524241e+00	5.561293e-01
6.536659e+00	4.897339e-01
6.549077e+00	4.248309e-01
6.561494e+00	3.609929e-01
6.588254e+00	2.250974e-01
6.601634e+00	1.570222e-01
6.615014e+00	8.821816e-02
6.628394e+00	1.822050e-02
6.641774e+00	-5.342202e-02
6.655154e+00	-1.271469e-01
6.668534e+00	-2.033793e-01
6.681426e+00	-2.795937e-01
6.687873e+00	-3.188302e-01
6.694319e+00	-3.588784e-01
6.707211e+00	-4.415835e-01
6.720104e+00	-5.280497e-01
6.726550e+00	-5.727971e-01
6.732997e+00	-6.186090e-01
6.739443e+00	-6.655255e-01
6.745889e+00	-7.135857e-01
6.758782e+00	-8.132939e-01
6.771674e+00	-9.180414e-01
6.783667e+00	-1.020257e+00
6.795659e+00	-1.127318e+00
6.807652e+00	-1.239447e+00
6.819644e+00	-1.356851e+00
6.831636e+00	-1.479728e+00
6.843629e+00	-1.608259e+00
6.855621e+00	-1.742606e+00
6.867613e+00	-1.882912e+00
6.880019e+00	-2.034454e+00
6.892426e+00	-2.192598e+00
6.904832e+00	-2.357402e+00
6.917238e+00	-2.528896e+00
6.929644e+00	-2.707056e+00
6.942050e+00	-2.891821e+00
6.954457e+00	-3.083094e+00
6.966863e+00	-3.280738e+00
6.980619e+00	-3.507136e+00
6.994375e+00	-3.740901e+00
7.008132e+00	-3.981776e+00
7.021888e+00	-4.229820e+00
7.035645e+00	-4.484275e+00
7.049401e+00	-4.745357e+00
7.063157e+00	-5.013140e+00
7.076914e+00	-5.287881e+00
7.088414e+00	-5.523248e+00
7.099914e+00	-5.764227e+00
7.111414e+00	-6.011365e+00
7.122915e+00	-6.265349e+00
7.134415e+00	-6.526995e+00
7.145915e+00	-6.796310e+00
7.157416e+00	-7.076096e+00
7.168916e+00	-7.366505e+00
7.181691e+00	-7.702747e+00
7.194465e+00	-8.054374e+00
7.207240e+00	-8.421814e+00
7.220015e+00	-8.804338e+00
7.232789e+00	-9.199289e+00
7.245564e+00	-9.601047e+00
7.258339e+00	-9.999776e+00
7.271113e+00	-1.038025e+01
7.283885e+00	-1.072133e+01
7.290270e+00	-1.086920e+01
7.296656e+00	-1.099745e+01
7.303042e+00	-1.110283e+01
7.306234e+00	-1.114600e+01
7.309427e+00	-1.118241e+01
7.312620e+00	-1.121176e+01
7.315813e+00	-1.123385e+01
7.317409e+00	-1.124212e+01
7.319006e+00	-1.124851e+01
7.320602e+00	-1.125302e+01
7.322199e+00	-1.125563e+01
7.323795e+00	-1.125634e+01
7.325392e+00	-1.125515e+01
7.326988e+00	-1.125207e+01
7.328584e+00	-1.124710e+01
7.331777e+00	-1.123154e+01
7.334970e+00	-1.120862e+01
7.338163e+00	-1.117853e+01
7.341356e+00	-1.114151e+01
7.347741e+00	-1.104790e+01
7.354127e+00	-1.093054e+01
7.360513e+00	-1.079261e+01
7.366898e+00	-1.063746e+01
7.373284e+00	-1.046842e+01
7.386233e+00	-1.009579e+01
7.399181e+00	-9.701214e+00
7.412130e+00	-9.301122e+00
7.425078e+00	-8.906221e+00
7.438027e+00	-8.522737e+00
7.450975e+00	-8.153741e+00
7.463924e+00	-7.800268e+00
7.476873e+00	-7.462133e+00
7.489401e+00	-7.148807e+00
7.501929e+00	-6.848070e+00
7.514457e+00	-6.558881e+00
7.526985e+00	-6.280267e+00
7.539513e+00	-6.011400e+00
7.552041e+00	-5.751624e+00
7.564569e+00	-5.500469e+00
7.577097e+00	-5.257637e+00
7.589660e+00	-5.022354e+00
7.602222e+00	-4.795292e+00
7.614785e+00	-4.576550e+00
7.627347e+00	-4.366300e+00
7.639910e+00	-4.164760e+00
7.652472e+00	-3.972163e+00
7.665035e+00	-3.788737e+00
7.677597e+00	-3.614679e+00
7.690148e+00	-3.450352e+00
7.702698e+00	-3.295622e+00
7.715249e+00	-3.150567e+00
7.727800e+00	-3.015243e+00
7.734075e+00	-2.951230e+00
7.740350e+00	-2.889611e+00
7.746626e+00	-2.830393e+00
7.752901e+00	-2.773561e+00
7.759176e+00	-2.719102e+00
7.765451e+00	-2.666999e+00
7.771727e+00	-2.617234e+00
7.778002e+00	-2.569789e+00
7.784437e+00	-2.523525e+00
7.790871e+00	-2.479658e+00
7.797306e+00	-2.438166e+00
7.803740e+00	-2.399028e+00
7.810175e+00	-2.362214e+00
7.816609e+00	-2.327714e+00
7.823044e+00	-2.295501e+00
7.829478e+00	-2.265556e+00
7.835913e+00	-2.237862e+00
7.842348e+00	-2.212404e+00
7.848782e+00	-2.189161e+00
7.855217e+00	-2.168127e+00
7.858434e+00	-2.158432e+00
7.861651e+00	-2.149284e+00
7.864869e+00	-2.140684e+00
7.868086e+00	-2.132628e+00
7.871303e+00	-2.125101e+00
7.874520e+00	-2.118133e+00
7.877738e+00	-2.111707e+00
7.880955e+00	-2.105822e+00
7.884115e+00	-2.100571e+00
7.887276e+00	-2.095839e+00
7.890436e+00	-2.091634e+00
7.893597e+00	-2.087950e+00
7.896758e+00	-2.084790e+00
7.899918e+00	-2.082152e+00
7.903079e+00	-2.080038e+00
7.906239e+00	-2.078449e+00
7.909400e+00	-2.077385e+00
7.912560e+00	-2.076847e+00
7.915721e+00	-2.076837e+00
7.918881e+00	-2.077354e+00
7.922042e+00	-2.078402e+00
7.925202e+00	-2.079981e+00
7.928363e+00	-2.082092e+00
7.931523e+00	-2.084737e+00
7.934684e+00	-2.087919e+00
7.937844e+00	-2.091639e+00
7.941005e+00	-2.095899e+00
7.944165e+00	-2.100701e+00
7.947326e+00	-2.106048e+00
7.950486e+00	-2.111942e+00
7.953647e+00	-2.118385e+00
7.956807e+00	-2.125381e+00
7.959968e+00	-2.132931e+00
7.963128e+00	-2.141040e+00
7.966289e+00	-2.149708e+00
7.969450e+00	-2.158940e+00
7.975771e+00	-2.179108e+00
7.982092e+00	-2.201567e+00
7.988267e+00	-2.225747e+00
7.994442e+00	-2.252165e+00
8.000617e+00	-2.280848e+00
8.006792e+00	-2.311822e+00
8.012967e+00	-2.345114e+00
8.019143e+00	-2.380750e+00
8.025318e+00	-2.418758e+00
8.031493e+00	-2.459164e+00
8.037668e+00	-2.501992e+00
8.043843e+00	-2.547268e+00
8.050019e+00	-2.595013e+00
8.056194e+00	-2.645250e+00
8.062369e+00	-2.697997e+00
8.068544e+00	-2.753273e+00
8.074719e+00	-2.811091e+00
8.080894e+00	-2.871466e+00
8.092956e+00	-2.996788e+00
8.105017e+00	-3.131903e+00
8.117078e+00	-3.276827e+00
8.129140e+00	-3.431463e+00
8.141201e+00	-3.595672e+00
8.153262e+00	-3.769260e+00
8.165323e+00	-3.951979e+00
8.177385e+00	-4.143537e+00
8.190059e+00	-4.354016e+00
8.202734e+00	-4.573523e+00
8.215409e+00	-4.801697e+00
8.228083e+00	-5.038220e+00
8.240758e+00	-5.282868e+00
8.253433e+00	-5.535536e+00
8.266108e+00	-5.796271e+00
8.278782e+00	-6.065299e+00
8.291793e+00	-6.350526e+00
8.304803e+00	-6.645626e+00
8.317813e+00	-6.951479e+00
8.330824e+00	-7.269106e+00
8.343834e+00	-7.599571e+00
8.356844e+00	-7.943794e+00
8.369855e+00	-8.302244e+00
8.382865e+00	-8.674506e+00
8.395563e+00	-9.049242e+00
8.408261e+00	-9.431078e+00
8.420958e+00	-9.812491e+00
8.433656e+00	-1.018150e+01
8.446354e+00	-1.052082e+01
8.452703e+00	-1.067258e+01
8.459052e+00	-1.080832e+01
8.465401e+00	-1.092489e+01
8.471750e+00	-1.101930e+01
8.474924e+00	-1.105733e+01
8.478099e+00	-1.108884e+01
8.481273e+00	-1.111360e+01
8.484448e+00	-1.113139e+01
8.486081e+00	-1.113778e+01
8.487715e+00	-1.114227e+01
8.489348e+00	-1.114484e+01
8.490982e+00	-1.114549e+01
8.492615e+00	-1.114422e+01
8.494249e+00	-1.114103e+01
8.495882e+00	-1.113592e+01
8.497516e+00	-1.112889e+01
8.500783e+00	-1.110917e+01
8.504050e+00	-1.108200e+01
8.507317e+00	-1.104759e+01
8.510584e+00	-1.100621e+01
8.517118e+00	-1.090378e+01
8.523652e+00	-1.077758e+01
8.530186e+00	-1.063094e+01
8.536720e+00	-1.046732e+01
8.549788e+00	-1.010275e+01
8.562856e+00	-9.708394e+00
8.575924e+00	-9.303152e+00
8.588992e+00	-8.899848e+00
8.601383e+00	-8.526286e+00
8.613774e+00	-8.164875e+00
8.626165e+00	-7.816970e+00
8.638556e+00	-7.482605e+00
8.650947e+00	-7.161028e+00
8.663338e+00	-6.851092e+00
8.675729e+00	-6.551499e+00
8.688120e+00	-6.260937e+00
8.700864e+00	-5.970237e+00
8.713609e+00	-5.686696e+00
8.726354e+00	-5.409390e+00
8.739099e+00	-5.137617e+00
8.764589e+00	-4.608949e+00
8.777334e+00	-4.351672e+00
8.790078e+00	-4.099565e+00
8.802773e+00	-3.852819e+00
8.815468e+00	-3.611129e+00
8.828162e+00	-3.374772e+00
8.840857e+00	-3.144030e+00
8.853551e+00	-2.919179e+00
8.866246e+00	-2.700458e+00
8.878941e+00	-2.488053e+00
8.891635e+00	-2.282094e+00
8.903414e+00	-2.096802e+00
8.915194e+00	-1.917100e+00
8.926973e+00	-1.742928e+00
8.938752e+00	-1.574173e+00
8.950531e+00	-1.410671e+00
8.962310e+00	-1.252219e+00
8.974089e+00	-1.098575e+00
8.985868e+00	-9.494504e-01
8.998721e+00	-7.915291e-01
9.011573e+00	-6.381637e-01
9.024425e+00	-4.888690e-01
9.037277e+00	-3.431294e-01
9.050129e+00	-2.003968e-01
9.062981e+00	-6.010610e-02
9.088686e+00	2.155206e-01
9.115169e+00	4.969438e-01
9.128411e+00	6.383861e-01
9.141652e+00	7.812528e-01
9.154894e+00	9.262462e-01
9.168136e+00	1.074061e+00
9.181377e+00	1.225386e+00
9.194619e+00	1.380881e+00
9.206575e+00	1.525395e+00
9.218531e+00	1.674278e+00
9.230487e+00	1.827949e+00
9.242442e+00	1.986788e+00
9.254398e+00	2.151136e+00
9.266354e+00	2.321289e+00
9.278310e+00	2.497489e+00
9.290266e+00	2.679920e+00
9.303479e+00	2.888937e+00
9.316692e+00	3.105809e+00
9.329905e+00	3.330542e+00
9.343118e+00	3.563062e+00
9.356331e+00	3.803225e+00
9.369544e+00	4.050878e+00
9.382757e+00	4.305824e+00
9.395970e+00	4.567906e+00
9.408581e+00	4.824602e+00
9.421192e+00	5.087693e+00
9.433803e+00	5.357279e+00
9.446414e+00	5.633584e+00
9.459025e+00	5.916996e+00
9.471636e+00	6.208049e+00
9.484247e+00	6.507420e+00
9.496859e+00	6.815901e+00
9.508955e+00	7.121099e+00
9.521051e+00	7.436111e+00
9.533147e+00	7.761349e+00
9.545243e+00	8.096813e+00
9.569435e+00	8.793885e+00
9.593627e+00	9.501736e+00
9.606926e+00	9.873343e+00
9.620225e+00	1.021033e+01
9.626875e+00	1.035866e+01
9.633524e+00	1.048929e+01
9.640174e+00	1.059900e+01
9.646823e+00	1.068481e+01
9.650148e+00	1.071792e+01
9.653472e+00	1.074413e+01
9.656797e+00	1.076323e+01
9.658460e+00	1.077006e+01
9.660122e+00	1.077505e+01
9.661784e+00	1.077820e+01
9.663447e+00	1.077948e+01
9.665109e+00	1.077890e+01
9.666771e+00	1.077646e+01
9.668434e+00	1.077216e+01
9.670096e+00	1.076601e+01
9.673421e+00	1.074819e+01
9.676746e+00	1.072312e+01
9.680070e+00	1.069100e+01
9.683395e+00	1.065204e+01
9.686720e+00	1.060654e+01
9.693369e+00	1.049720e+01
9.700019e+00	1.036586e+01
9.709196e+00	1.015445e+01
9.718373e+00	9.915899e+00
9.727550e+00	9.658295e+00
9.736727e+00	9.388709e+00
9.755082e+00	8.835315e+00
9.773436e+00	8.286788e+00
9.791790e+00	7.758190e+00
9.810144e+00	7.254421e+00
9.828499e+00	6.774957e+00
9.846853e+00	6.316848e+00
9.865207e+00	5.876402e+00
9.883561e+00	5.450095e+00
9.901916e+00	5.035025e+00
9.920270e+00	4.629040e+00
9.938624e+00	4.230756e+00
9.956978e+00	3.839453e+00
9.975333e+00	3.454935e+00
9.993687e+00	3.077350e+00
1.000000e+01	2.949126e+00
