0.000000e+00	0.000000e+00
6.313131e-03	1.154797e-02
1.253394e-02	2.304418e-02
1.875476e-02	3.466907e-02
2.497557e-02	4.643750e-02
3.119639e-02	5.836444e-02
3.741720e-02	7.046316e-02
4.363801e-02	8.274786e-02
4.985883e-02	9.523308e-02
5.607964e-02	1.079334e-01
6.230045e-02	1.208639e-01
6.852127e-02	1.340395e-01
7.474208e-02	1.474757e-01
8.096289e-02	1.611883e-01
8.718371e-02	1.751931e-01
9.340452e-02	1.895065e-01
9.962534e-02	2.041452e-01
1.058461e-01	2.191260e-01
1.121812e-01	2.347516e-01
1.185162e-01	2.507688e-01
1.248512e-01	2.671967e-01
1.311862e-01	2.840548e-01
1.375213e-01	3.013634e-01
1.438563e-01	3.191428e-01
1.501913e-01	3.374136e-01
1.565263e-01	3.561990e-01
1.628613e-01	3.755195e-01
1.691964e-01	3.953982e-01
1.755314e-01	4.158583e-01
1.818664e-01	4.369238e-01
1.882014e-01	4.586191e-01
1.945365e-01	4.809695e-01
2.008715e-01	5.040004e-01
2.072065e-01	5.277382e-01
2.128686e-01	5.495747e-01
2.185306e-01	5.720172e-01
2.241927e-01	5.950860e-01
2.298548e-01	6.188018e-01
2.355168e-01	6.431858e-01
2.411789e-01	6.682595e-01
2.468410e-01	6.940451e-01
2.525030e-01	7.205649e-01
2.581651e-01	7.478420e-01
2.638272e-01	7.758997e-01
2.694892e-01	8.047619e-01
2.751513e-01	8.344531e-01
2.808134e-01	8.649978e-01
2.864754e-01	8.964215e-01
2.921375e-01	9.287497e-01
2.977996e-01	9.620083e-01
3.043400e-01	1.001619e+00
3.108804e-01	1.042548e+00
3.174208e-01	1.084838e+00
3.239613e-01	1.128529e+00
3.305017e-01	1.173666e+00
3.370421e-01	1.220292e+00
3.435825e-01	1.268451e+00
3.501229e-01	1.318186e+00
3.566634e-01	1.369540e+00
3.632038e-01	1.422558e+00
3.697442e-01	1.477284e+00
3.762846e-01	1.533760e+00
3.828251e-01	1.592029e+00
3.893655e-01	1.652132e+00
3.959059e-01	1.714111e+00
4.024463e-01	1.778005e+00
4.090314e-01	1.844309e+00
4.156165e-01	1.912630e+00
4.222016e-01	1.983003e+00
4.287867e-01	2.055462e+00
4.353718e-01	2.130037e+00
4.419569e-01	2.206754e+00
4.485420e-01	2.285641e+00
4.551270e-01	2.366714e+00
4.617121e-01	2.449993e+00
4.682972e-01	2.535490e+00
4.748823e-01	2.623216e+00
4.814674e-01	2.713172e+00
4.946376e-01	2.899773e+00
5.078078e-01	3.095234e+00
5.205470e-01	3.292594e+00
5.332861e-01	3.497919e+00
5.460253e-01	3.710963e+00
5.587645e-01	3.931435e+00
5.715037e-01	4.159022e+00
5.842429e-01	4.393410e+00
5.969821e-01	4.634318e+00
6.097213e-01	4.881527e+00
6.220023e-01	5.125699e+00
6.342833e-01	5.375624e+00
6.465642e-01	5.631452e+00
6.588452e-01	5.893493e+00
6.711262e-01	6.162232e+00
6.834072e-01	6.438329e+00
6.956882e-01	6.722618e+00
7.079692e-01	7.016060e+00
7.202388e-01	7.319407e+00
7.325083e-01	7.633954e+00
7.447779e-01	7.960527e+00
7.570475e-01	8.299546e+00
7.693171e-01	8.650633e+00
7.815867e-01	9.012102e+00
7.938562e-01	9.380240e+00
8.061258e-01	9.748422e+00
8.196037e-01	1.014029e+01
8.263426e-01	1.032540e+01
8.330815e-01	1.049922e+01
8.398204e-01	1.065825e+01
8.465593e-01	1.079879e+01
8.532983e-01	1.091709e+01
8.566677e-01	1.096679e+01
8.600372e-01	1.100964e+01
8.634066e-01	1.104528e+01
8.667761e-01	1.107340e+01
8.684608e-01	1.108456e+01
8.701456e-01	1.109374e+01
8.718303e-01	1.110093e+01
8.735150e-01	1.110610e+01
8.751997e-01	1.110924e+01
8.768845e-01	1.111035e+01
8.777268e-01	1.111014e+01
8.785692e-01	1.110941e+01
8.802539e-01	1.110643e+01
8.819387e-01	1.110141e+01
8.836234e-01	1.109436e+01
8.853081e-01	1.108529e+01
8.869929e-01	1.107422e+01
8.903623e-01	1.104617e+01
8.937318e-01	1.101042e+01
8.971012e-01	1.096726e+01
9.004707e-01	1.091703e+01
9.072096e-01	1.079689e+01
9.139485e-01	1.065343e+01
9.196146e-01	1.051750e+01
9.252807e-01	1.036999e+01
9.366128e-01	1.004889e+01
9.479449e-01	9.705771e+00
9.592771e-01	9.353079e+00
9.819414e-01	8.651944e+00
9.932735e-01	8.313080e+00
1.004606e+00	7.985082e+00
1.018336e+00	7.603133e+00
1.032067e+00	7.237876e+00
1.045798e+00	6.888203e+00
1.059529e+00	6.552630e+00
1.073260e+00	6.229591e+00
1.086991e+00	5.917625e+00
1.100722e+00	5.615475e+00
1.114452e+00	5.322125e+00
1.127019e+00	5.060707e+00
1.139586e+00	4.805617e+00
1.152153e+00	4.556600e+00
1.164720e+00	4.313530e+00
1.177287e+00	4.076380e+00
1.189853e+00	3.845195e+00
1.202420e+00	3.620066e+00
1.214987e+00	3.401103e+00
1.227844e+00	3.183577e+00
1.240701e+00	2.972707e+00
1.253558e+00	2.768547e+00
1.266415e+00	2.571096e+00
1.279272e+00	2.380300e+00
1.292129e+00	2.196041e+00
1.304986e+00	2.018142e+00
1.317843e+00	1.846369e+00
1.330615e+00	1.681515e+00
1.343387e+00	1.522095e+00
1.356159e+00	1.367738e+00
1.368931e+00	1.218040e+00
1.381702e+00	1.072568e+00
1.394474e+00	9.308630e-01
1.407246e+00	7.924474e-01
1.420018e+00	6.568277e-01
1.431457e+00	5.373185e-01
1.442896e+00	4.192767e-01
1.465774e+00	1.860945e-01
1.488653e+00	-4.574845e-02
1.500092e+00	-1.621213e-01
1.511531e+00	-2.793039e-01
1.524654e+00	-4.152207e-01
1.537776e+00	-5.532736e-01
1.550899e+00	-6.940259e-01
1.564022e+00	-8.380318e-01
1.577144e+00	-9.858323e-01
1.590267e+00	-1.137951e+00
1.603390e+00	-1.294891e+00
1.616512e+00	-1.457125e+00
1.629173e+00	-1.619079e+00
1.641834e+00	-1.786727e+00
1.654495e+00	-1.960386e+00
1.667155e+00	-2.140320e+00
1.679816e+00	-2.326739e+00
1.692477e+00	-2.519796e+00
1.705138e+00	-2.719574e+00
1.717799e+00	-2.926096e+00
1.729767e+00	-3.127489e+00
1.741736e+00	-3.334784e+00
1.753705e+00	-3.547858e+00
1.765673e+00	-3.766556e+00
1.777642e+00	-3.990711e+00
1.789611e+00	-4.220158e+00
1.801579e+00	-4.454753e+00
1.813548e+00	-4.694400e+00
1.826987e+00	-4.969489e+00
1.840427e+00	-5.251008e+00
1.853867e+00	-5.539233e+00
1.867307e+00	-5.834646e+00
1.880746e+00	-6.137960e+00
1.894186e+00	-6.450090e+00
1.907626e+00	-6.772141e+00
1.921065e+00	-7.105340e+00
1.933237e+00	-7.417713e+00
1.945408e+00	-7.740926e+00
1.957579e+00	-8.075325e+00
1.969751e+00	-8.420548e+00
1.981922e+00	-8.775091e+00
1.994093e+00	-9.135664e+00
2.006265e+00	-9.496447e+00
2.018436e+00	-9.848237e+00
2.024818e+00	-1.002481e+01
2.031199e+00	-1.019297e+01
2.037581e+00	-1.035005e+01
2.043963e+00	-1.049318e+01
2.050344e+00	-1.061937e+01
2.056726e+00	-1.072563e+01
2.059917e+00	-1.077042e+01
2.063108e+00	-1.080920e+01
2.066298e+00	-1.084171e+01
2.069489e+00	-1.086768e+01
2.072680e+00	-1.088692e+01
2.074275e+00	-1.089396e+01
2.075871e+00	-1.089926e+01
2.077466e+00	-1.090281e+01
2.079062e+00	-1.090460e+01
2.079859e+00	-1.090483e+01
2.080657e+00	-1.090462e+01
2.082252e+00	-1.090287e+01
2.083848e+00	-1.089935e+01
2.085443e+00	-1.089406e+01
2.087039e+00	-1.088702e+01
2.088634e+00	-1.087824e+01
2.091825e+00	-1.085549e+01
2.095016e+00	-1.082598e+01
2.098207e+00	-1.078991e+01
2.101397e+00	-1.074751e+01
2.104588e+00	-1.069907e+01
2.107779e+00	-1.064489e+01
2.114161e+00	-1.052073e+01
2.120542e+00	-1.037795e+01
2.126545e+00	-1.022935e+01
2.132548e+00	-1.006947e+01
2.144553e+00	-9.725198e+00
2.156559e+00	-9.361604e+00
2.168564e+00	-8.991224e+00
2.192575e+00	-8.261538e+00
2.204581e+00	-7.910706e+00
2.216586e+00	-7.571580e+00
2.230084e+00	-7.204586e+00
2.243581e+00	-6.852107e+00
2.257079e+00	-6.513010e+00
2.270576e+00	-6.185970e+00
2.284074e+00	-5.869661e+00
2.297571e+00	-5.562884e+00
2.311069e+00	-5.264627e+00
2.324566e+00	-4.974081e+00
2.337698e+00	-4.698234e+00
2.350829e+00	-4.428728e+00
2.363961e+00	-4.165316e+00
2.377093e+00	-3.907867e+00
2.390224e+00	-3.656329e+00
2.403356e+00	-3.410701e+00
2.416487e+00	-3.171005e+00
2.429619e+00	-2.937254e+00
2.442048e+00	-2.721490e+00
2.454476e+00	-2.511001e+00
2.466904e+00	-2.305705e+00
2.479333e+00	-2.105469e+00
2.491761e+00	-1.910113e+00
2.504190e+00	-1.719403e+00
2.516618e+00	-1.533059e+00
2.529047e+00	-1.350756e+00
2.540709e+00	-1.183045e+00
2.552370e+00	-1.018235e+00
2.564032e+00	-8.559666e-01
2.575694e+00	-6.958607e-01
2.599018e+00	-3.805331e-01
2.622341e+00	-6.892351e-02
2.648026e+00	2.740518e-01
2.660868e+00	4.468642e-01
2.673710e+00	6.213202e-01
2.686553e+00	7.979738e-01
2.699395e+00	9.773597e-01
2.712237e+00	1.159986e+00
2.725080e+00	1.346330e+00
2.738138e+00	1.540077e+00
2.751197e+00	1.738536e+00
2.764255e+00	1.942069e+00
2.777314e+00	2.150979e+00
2.790372e+00	2.365507e+00
2.803431e+00	2.585826e+00
2.816489e+00	2.812048e+00
2.829548e+00	3.044227e+00
2.842341e+00	3.277461e+00
2.855134e+00	3.516378e+00
2.867927e+00	3.760926e+00
2.880720e+00	4.011052e+00
2.893513e+00	4.266730e+00
2.906306e+00	4.527983e+00
2.919099e+00	4.794915e+00
2.931892e+00	5.067732e+00
2.944042e+00	5.332597e+00
2.956192e+00	5.603484e+00
2.968343e+00	5.880933e+00
2.980493e+00	6.165604e+00
2.992643e+00	6.458268e+00
3.004793e+00	6.759765e+00
3.016943e+00	7.070930e+00
3.029094e+00	7.392501e+00
3.042634e+00	7.763653e+00
3.056174e+00	8.148084e+00
3.069714e+00	8.544114e+00
3.083254e+00	8.947644e+00
3.096794e+00	9.350942e+00
3.110335e+00	9.741331e+00
3.117105e+00	9.926109e+00
3.123875e+00	1.010021e+01
3.130645e+00	1.026044e+01
3.137415e+00	1.040340e+01
3.143380e+00	1.051231e+01
3.149345e+00	1.060288e+01
3.152328e+00	1.064065e+01
3.155310e+00	1.067308e+01
3.158293e+00	1.070000e+01
3.161276e+00	1.072122e+01
3.162767e+00	1.072966e+01
3.164258e+00	1.073662e+01
3.165750e+00	1.074210e+01
3.167241e+00	1.074609e+01
3.168732e+00	1.074858e+01
3.170223e+00	1.074956e+01
3.171715e+00	1.074904e+01
3.173206e+00	1.074702e+01
3.174697e+00	1.074349e+01
3.176189e+00	1.073847e+01
3.177680e+00	1.073195e+01
3.179171e+00	1.072396e+01
3.182154e+00	1.070360e+01
3.185136e+00	1.067750e+01
3.188119e+00	1.064581e+01
3.191102e+00	1.060875e+01
3.197067e+00	1.051934e+01
3.203032e+00	1.041127e+01
3.208997e+00	1.028678e+01
3.214962e+00	1.014822e+01
3.220927e+00	9.997952e+00
3.232858e+00	9.671238e+00
3.244849e+00	9.320795e+00
3.256839e+00	8.960836e+00
3.268830e+00	8.600298e+00
3.280821e+00	8.244966e+00
3.292812e+00	7.898205e+00
3.304803e+00	7.561662e+00
3.316794e+00	7.235842e+00
3.328784e+00	6.920542e+00
3.341288e+00	6.602298e+00
3.353792e+00	6.293915e+00
3.366295e+00	5.994421e+00
3.378799e+00	5.702882e+00
3.391303e+00	5.418469e+00
3.403806e+00	5.140491e+00
3.416310e+00	4.868400e+00
3.428814e+00	4.601790e+00
3.442583e+00	4.314211e+00
3.456352e+00	4.032725e+00
3.470121e+00	3.757237e+00
3.483890e+00	3.487731e+00
3.497660e+00	3.224240e+00
3.511429e+00	2.966801e+00
3.525198e+00	2.715433e+00
3.538967e+00	2.470108e+00
3.551076e+00	2.259278e+00
3.563186e+00	2.052944e+00
3.575295e+00	1.850950e+00
3.587405e+00	1.653091e+00
3.599514e+00	1.459118e+00
3.611623e+00	1.268738e+00
3.623733e+00	1.081613e+00
3.635842e+00	8.973747e-01
3.648490e+00	7.075881e-01
3.661138e+00	5.200240e-01
3.686434e+00	1.494933e-01
3.711730e+00	-2.184995e-01
3.737025e+00	-5.883306e-01
3.749625e+00	-7.745581e-01
3.762224e+00	-9.628136e-01
3.774823e+00	-1.153580e+00
3.787422e+00	-1.347309e+00
3.800022e+00	-1.544420e+00
3.812621e+00	-1.745289e+00
3.825220e+00	-1.950249e+00
3.837819e+00	-2.159586e+00
3.849931e+00	-2.365158e+00
3.862042e+00	-2.575147e+00
3.874153e+00	-2.789680e+00
3.886265e+00	-3.008838e+00
3.898376e+00	-3.232675e+00
3.910487e+00	-3.461219e+00
3.922599e+00	-3.694491e+00
3.934710e+00	-3.932514e+00
3.947305e+00	-4.185138e+00
3.959900e+00	-4.443051e+00
3.972495e+00	-4.706427e+00
3.985090e+00	-4.975528e+00
3.997685e+00	-5.250736e+00
4.010281e+00	-5.532561e+00
4.022876e+00	-5.821653e+00
4.035471e+00	-6.118807e+00
4.049165e+00	-6.452082e+00
4.062858e+00	-6.797196e+00
4.076552e+00	-7.155372e+00
4.090246e+00	-7.527549e+00
4.103940e+00	-7.914043e+00
4.117634e+00	-8.313961e+00
4.131328e+00	-8.724341e+00
4.145022e+00	-9.139006e+00
4.156986e+00	-9.496506e+00
4.168951e+00	-9.838295e+00
4.174934e+00	-9.998883e+00
4.180916e+00	-1.014981e+01
4.186898e+00	-1.028880e+01
4.192881e+00	-1.041344e+01
4.198863e+00	-1.052137e+01
4.204846e+00	-1.061037e+01
4.207837e+00	-1.064714e+01
4.210828e+00	-1.067845e+01
4.213819e+00	-1.070413e+01
4.216810e+00	-1.072402e+01
4.218306e+00	-1.073175e+01
4.219802e+00	-1.073800e+01
4.221297e+00	-1.074274e+01
4.222793e+00	-1.074599e+01
4.224288e+00	-1.074772e+01
4.225784e+00	-1.074794e+01
4.227280e+00	-1.074665e+01
4.228775e+00	-1.074385e+01
4.230271e+00	-1.073955e+01
4.231766e+00	-1.073376e+01
4.234758e+00	-1.071774e+01
4.237749e+00	-1.069589e+01
4.240740e+00	-1.066837e+01
4.243940e+00	-1.063284e+01
4.247140e+00	-1.059127e+01
4.250340e+00	-1.054394e+01
4.253540e+00	-1.049118e+01
4.259940e+00	-1.037068e+01
4.266340e+00	-1.023259e+01
4.272739e+00	-1.007983e+01
4.279139e+00	-9.915231e+00
4.291939e+00	-9.560896e+00
4.304739e+00	-9.187545e+00
4.317539e+00	-8.808333e+00
4.330338e+00	-8.431957e+00
4.343138e+00	-8.063576e+00
4.356077e+00	-7.701974e+00
4.369016e+00	-7.352170e+00
4.381955e+00	-7.014041e+00
4.394895e+00	-6.686863e+00
4.407834e+00	-6.369634e+00
4.420773e+00	-6.061281e+00
4.433712e+00	-5.760777e+00
4.446651e+00	-5.467233e+00
4.459111e+00	-5.190455e+00
4.471571e+00	-4.918961e+00
4.484031e+00	-4.652404e+00
4.496491e+00	-4.390573e+00
4.508951e+00	-4.133367e+00
4.521411e+00	-3.880775e+00
4.533871e+00	-3.632846e+00
4.546331e+00	-3.389668e+00
4.559298e+00	-3.141743e+00
4.572265e+00	-2.899170e+00
4.585232e+00	-2.662015e+00
4.598200e+00	-2.430296e+00
4.611167e+00	-2.203967e+00
4.624134e+00	-1.982917e+00
4.637101e+00	-1.766962e+00
4.650068e+00	-1.555849e+00
4.662746e+00	-1.353820e+00
4.675424e+00	-1.155760e+00
4.688102e+00	-9.612699e-01
4.700780e+00	-7.699014e-01
4.713458e+00	-5.811707e-01
4.726136e+00	-3.945674e-01
4.751492e+00	-2.559992e-02
4.775280e+00	3.186833e-01
4.799068e+00	6.649240e-01
4.810961e+00	8.399022e-01
4.822855e+00	1.016693e+00
4.834749e+00	1.195701e+00
4.846643e+00	1.377310e+00
4.859523e+00	1.577327e+00
4.872404e+00	1.781213e+00
4.885285e+00	1.989322e+00
4.898165e+00	2.201957e+00
4.911046e+00	2.419360e+00
4.923926e+00	2.641715e+00
4.936807e+00	2.869157e+00
4.949688e+00	3.101771e+00
4.962080e+00	3.330495e+00
4.974473e+00	3.564063e+00
4.986865e+00	3.802488e+00
4.999258e+00	4.045787e+00
5.011651e+00	4.294016e+00
5.024043e+00	4.547278e+00
5.036436e+00	4.805757e+00
5.048828e+00	5.069733e+00
5.061637e+00	5.348772e+00
5.074446e+00	5.634695e+00
5.087255e+00	5.928250e+00
5.100063e+00	6.230341e+00
5.112872e+00	6.541995e+00
5.125681e+00	6.864311e+00
5.138490e+00	7.198379e+00
5.151298e+00	7.545072e+00
5.163548e+00	7.888854e+00
5.175798e+00	8.244235e+00
5.200297e+00	8.981876e+00
5.212547e+00	9.354864e+00
5.224796e+00	9.719272e+00
5.237046e+00	1.006161e+01
5.243171e+00	1.021916e+01
5.249295e+00	1.036434e+01
5.255954e+00	1.050508e+01
5.262612e+00	1.062477e+01
5.265941e+00	1.067573e+01
5.269270e+00	1.072029e+01
5.272599e+00	1.075812e+01
5.275928e+00	1.078895e+01
5.279257e+00	1.081256e+01
5.280922e+00	1.082159e+01
5.282586e+00	1.082875e+01
5.284251e+00	1.083404e+01
5.285916e+00	1.083743e+01
5.287580e+00	1.083893e+01
5.288412e+00	1.083897e+01
5.289245e+00	1.083853e+01
5.290909e+00	1.083624e+01
5.292574e+00	1.083206e+01
5.294238e+00	1.082600e+01
5.295903e+00	1.081808e+01
5.299232e+00	1.079673e+01
5.302561e+00	1.076818e+01
5.305890e+00	1.073268e+01
5.309219e+00	1.069052e+01
5.312548e+00	1.064201e+01
5.315877e+00	1.058751e+01
5.322536e+00	1.046213e+01
5.329194e+00	1.031761e+01
5.335852e+00	1.015732e+01
5.342510e+00	9.984494e+00
5.355827e+00	9.612977e+00
5.368175e+00	9.251703e+00
5.380524e+00	8.886207e+00
5.392872e+00	8.524069e+00
5.405221e+00	8.169801e+00
5.417570e+00	7.825684e+00
5.429918e+00	7.492513e+00
5.442267e+00	7.170148e+00
5.454615e+00	6.857927e+00
5.467057e+00	6.552681e+00
5.479498e+00	6.255759e+00
5.491939e+00	5.966170e+00
5.504380e+00	5.683030e+00
5.516822e+00	5.405602e+00
5.529263e+00	5.133312e+00
5.541704e+00	4.865752e+00
5.554146e+00	4.602664e+00
5.566838e+00	4.338760e+00
5.579529e+00	4.079369e+00
5.592221e+00	3.824565e+00
5.604913e+00	3.574478e+00
5.617605e+00	3.329262e+00
5.630297e+00	3.089072e+00
5.642989e+00	2.854037e+00
5.655681e+00	2.624243e+00
5.667677e+00	2.411879e+00
5.679674e+00	2.204194e+00
5.691671e+00	2.001102e+00
5.703667e+00	1.802460e+00
5.715664e+00	1.608071e+00
5.727661e+00	1.417687e+00
5.739658e+00	1.231013e+00
5.751654e+00	1.047708e+00
5.765555e+00	8.390281e-01
5.779456e+00	6.337293e-01
5.793356e+00	4.311302e-01
5.807257e+00	2.305150e-01
5.835059e+00	-1.677319e-01
5.848960e+00	-3.668701e-01
5.862860e+00	-5.670178e-01
5.885559e+00	-8.979057e-01
5.896908e+00	-1.066041e+00
5.908258e+00	-1.236446e+00
5.919607e+00	-1.409450e+00
5.930956e+00	-1.585355e+00
5.942306e+00	-1.764435e+00
5.953655e+00	-1.946930e+00
5.967061e+00	-2.167171e+00
5.980467e+00	-2.392726e+00
5.993873e+00	-2.623785e+00
6.007279e+00	-2.860462e+00
6.020685e+00	-3.102803e+00
6.034091e+00	-3.350792e+00
6.047497e+00	-3.604372e+00
6.060903e+00	-3.863464e+00
6.073429e+00	-4.110472e+00
6.085956e+00	-4.362208e+00
6.098482e+00	-4.618703e+00
6.111008e+00	-4.880074e+00
6.123534e+00	-5.146548e+00
6.136060e+00	-5.418479e+00
6.148586e+00	-5.696377e+00
6.161113e+00	-5.980904e+00
6.174356e+00	-6.289845e+00
6.187599e+00	-6.608243e+00
6.200843e+00	-6.937343e+00
6.214086e+00	-7.278374e+00
6.227330e+00	-7.632378e+00
6.240573e+00	-7.999906e+00
6.253817e+00	-8.380528e+00
6.267060e+00	-8.772168e+00
6.279302e+00	-9.139982e+00
6.291544e+00	-9.506665e+00
6.303787e+00	-9.862024e+00
6.316029e+00	-1.019167e+01
6.322150e+00	-1.034125e+01
6.328271e+00	-1.047729e+01
6.334392e+00	-1.059716e+01
6.340513e+00	-1.069829e+01
6.343573e+00	-1.074108e+01
6.346634e+00	-1.077832e+01
6.349695e+00	-1.080977e+01
6.352755e+00	-1.083523e+01
6.355816e+00	-1.085453e+01
6.357346e+00	-1.086182e+01
6.358876e+00	-1.086753e+01
6.360406e+00	-1.087164e+01
6.361937e+00	-1.087414e+01
6.363467e+00	-1.087504e+01
6.364997e+00	-1.087433e+01
6.366637e+00	-1.087178e+01
6.368276e+00	-1.086739e+01
6.369916e+00	-1.086117e+01
6.371555e+00	-1.085313e+01
6.374835e+00	-1.083166e+01
6.378114e+00	-1.080314e+01
6.381393e+00	-1.076781e+01
6.384672e+00	-1.072592e+01
6.387951e+00	-1.067777e+01
6.391230e+00	-1.062372e+01
6.397788e+00	-1.049937e+01
6.404346e+00	-1.035599e+01
6.410905e+00	-1.019682e+01
6.417463e+00	-1.002503e+01
6.430579e+00	-9.655142e+00
6.443696e+00	-9.266219e+00
6.456812e+00	-8.872612e+00
6.469929e+00	-8.483574e+00
6.481475e+00	-8.149159e+00
6.493021e+00	-7.824190e+00
6.504568e+00	-7.509300e+00
6.516114e+00	-7.204387e+00
6.527660e+00	-6.908910e+00
6.539207e+00	-6.622101e+00
6.550753e+00	-6.343103e+00
6.562299e+00	-6.071060e+00
6.575759e+00	-5.761670e+00
6.589218e+00	-5.459578e+00
6.602678e+00	-5.163914e+00
6.616138e+00	-4.874035e+00
6.629597e+00	-4.589504e+00
6.643057e+00	-4.310070e+00
6.656516e+00	-4.035633e+00
6.669976e+00	-3.766204e+00
6.681458e+00	-3.540373e+00
6.692941e+00	-3.318319e+00
6.704423e+00	-3.100114e+00
6.715905e+00	-2.885820e+00
6.727388e+00	-2.675472e+00
6.738870e+00	-2.469075e+00
6.750353e+00	-2.266596e+00
6.761835e+00	-2.067956e+00
6.775896e+00	-1.829750e+00
6.789958e+00	-1.596805e+00
6.804019e+00	-1.368713e+00
6.818081e+00	-1.144981e+00
6.832142e+00	-9.250378e-01
6.846203e+00	-7.082489e-01
6.860265e+00	-4.939276e-01
6.874326e+00	-2.813468e-01
6.899114e+00	9.147946e-02
6.923903e+00	4.654664e-01
6.936297e+00	6.542044e-01
6.948691e+00	8.447797e-01
6.961085e+00	1.037672e+00
6.973479e+00	1.233330e+00
6.986414e+00	1.440919e+00
6.999348e+00	1.652396e+00
7.012283e+00	1.868127e+00
7.025217e+00	2.088415e+00
7.038152e+00	2.313492e+00
7.051086e+00	2.543524e+00
7.064021e+00	2.778598e+00
7.076956e+00	3.018739e+00
7.089333e+00	3.253258e+00
7.101711e+00	3.492321e+00
7.114089e+00	3.735833e+00
7.126467e+00	3.983701e+00
7.138845e+00	4.235846e+00
7.151222e+00	4.492236e+00
7.163600e+00	4.752902e+00
7.175978e+00	5.017972e+00
7.188462e+00	5.290016e+00
7.200945e+00	5.567178e+00
7.213429e+00	5.849997e+00
7.225912e+00	6.139172e+00
7.238396e+00	6.435534e+00
7.250880e+00	6.740035e+00
7.263363e+00	7.053653e+00
7.275847e+00	7.377305e+00
7.287780e+00	7.696711e+00
7.299713e+00	8.026086e+00
7.311647e+00	8.364891e+00
7.323580e+00	8.711440e+00
7.335513e+00	9.062344e+00
7.347447e+00	9.411831e+00
7.359380e+00	9.751039e+00
7.365347e+00	9.913041e+00
7.371313e+00	1.006752e+01
7.377456e+00	1.021646e+01
7.383598e+00	1.035272e+01
7.389740e+00	1.047376e+01
7.395882e+00	1.057703e+01
7.398953e+00	1.062124e+01
7.402024e+00	1.066013e+01
7.405096e+00	1.069345e+01
7.408167e+00	1.072098e+01
7.411238e+00	1.074252e+01
7.412773e+00	1.075099e+01
7.414309e+00	1.075792e+01
7.415844e+00	1.076328e+01
7.417380e+00	1.076706e+01
7.418916e+00	1.076926e+01
7.420451e+00	1.076987e+01
7.421987e+00	1.076889e+01
7.423522e+00	1.076633e+01
7.425058e+00	1.076217e+01
7.426593e+00	1.075643e+01
7.429664e+00	1.074024e+01
7.432736e+00	1.071785e+01
7.435807e+00	1.068941e+01
7.438878e+00	1.065509e+01
7.441949e+00	1.061510e+01
7.445020e+00	1.056969e+01
7.451162e+00	1.046367e+01
7.457304e+00	1.033940e+01
7.463447e+00	1.019942e+01
7.469589e+00	1.004633e+01
7.475924e+00	9.877353e+00
7.482260e+00	9.699700e+00
7.494930e+00	9.327410e+00
7.507601e+00	8.944604e+00
7.520271e+00	8.561805e+00
7.532942e+00	8.185611e+00
7.545613e+00	7.819665e+00
7.558283e+00	7.465565e+00
7.570954e+00	7.123610e+00
7.583859e+00	6.787315e+00
7.596763e+00	6.462149e+00
7.609667e+00	6.146976e+00
7.622572e+00	5.840643e+00
7.635476e+00	5.542081e+00
7.648381e+00	5.250359e+00
7.661285e+00	4.964708e+00
7.674190e+00	4.684528e+00
7.687869e+00	4.392997e+00
7.701549e+00	4.106749e+00
7.715228e+00	3.825560e+00
7.728908e+00	3.549307e+00
7.742587e+00	3.277935e+00
7.756267e+00	3.011415e+00
7.769946e+00	2.749718e+00
7.783626e+00	2.492782e+00
7.796304e+00	2.258805e+00
7.808982e+00	2.028690e+00
7.821661e+00	1.802248e+00
7.834339e+00	1.579236e+00
7.847018e+00	1.359359e+00
7.859696e+00	1.142266e+00
7.872374e+00	9.275617e-01
7.885053e+00	7.148115e-01
7.907784e+00	3.367728e-01
7.930515e+00	-3.939992e-02
7.953246e+00	-4.167151e-01
7.975977e+00	-7.981534e-01
7.988703e+00	-1.014557e+00
8.001429e+00	-1.233580e+00
8.014155e+00	-1.455630e+00
8.026881e+00	-1.681064e+00
8.039607e+00	-1.910185e+00
8.052333e+00	-2.143236e+00
8.065059e+00	-2.380400e+00
8.077785e+00	-2.621798e+00
8.090738e+00	-2.871900e+00
8.103690e+00	-3.126470e+00
8.116642e+00	-3.385482e+00
8.129595e+00	-3.648890e+00
8.142547e+00	-3.916648e+00
8.155499e+00	-4.188733e+00
8.168452e+00	-4.465180e+00
8.181404e+00	-4.746109e+00
8.193399e+00	-5.010462e+00
8.205394e+00	-5.279140e+00
8.217389e+00	-5.552538e+00
8.229384e+00	-5.831162e+00
8.241379e+00	-6.115629e+00
8.253373e+00	-6.406653e+00
8.265368e+00	-6.704986e+00
8.277363e+00	-7.011377e+00
8.289983e+00	-7.343094e+00
8.302602e+00	-7.684771e+00
8.315222e+00	-8.036125e+00
8.327842e+00	-8.395754e+00
8.340461e+00	-8.760545e+00
8.353081e+00	-9.124906e+00
8.365701e+00	-9.479887e+00
8.372010e+00	-9.649975e+00
8.378320e+00	-9.812526e+00
8.385340e+00	-9.981747e+00
8.392360e+00	-1.013542e+01
8.399380e+00	-1.026997e+01
8.402890e+00	-1.032897e+01
8.406400e+00	-1.038186e+01
8.409910e+00	-1.042825e+01
8.413420e+00	-1.046777e+01
8.416930e+00	-1.050009e+01
8.420440e+00	-1.052492e+01
8.422195e+00	-1.053445e+01
8.423950e+00	-1.054203e+01
8.425705e+00	-1.054765e+01
8.427460e+00	-1.055127e+01
8.428338e+00	-1.055234e+01
8.429215e+00	-1.055290e+01
8.430093e+00	-1.055297e+01
8.430970e+00	-1.055253e+01
8.432725e+00	-1.055015e+01
8.434480e+00	-1.054577e+01
8.436235e+00	-1.053940e+01
8.437990e+00	-1.053104e+01
8.439745e+00	-1.052071e+01
8.441500e+00	-1.050843e+01
8.445010e+00	-1.047812e+01
8.448520e+00	-1.044034e+01
8.452030e+00	-1.039537e+01
8.455540e+00	-1.034354e+01
8.462560e+00	-1.022088e+01
8.469580e+00	-1.007569e+01
8.476600e+00	-9.911593e+00
8.483620e+00	-9.732196e+00
8.490640e+00	-9.540958e+00
8.502768e+00	-9.191670e+00
8.514896e+00	-8.829642e+00
8.527024e+00	-8.464636e+00
8.539152e+00	-8.103149e+00
8.551280e+00	-7.749100e+00
8.563408e+00	-7.404538e+00
8.575536e+00	-7.070242e+00
8.587664e+00	-6.746181e+00
8.599788e+00	-6.431948e+00
8.611911e+00	-6.126683e+00
8.624035e+00	-5.829535e+00
8.636159e+00	-5.539657e+00
8.648283e+00	-5.256264e+00
8.660407e+00	-4.978663e+00
8.672531e+00	-4.706270e+00
8.684655e+00	-4.438609e+00
8.697277e+00	-4.164585e+00
8.709898e+00	-3.894965e+00
8.722520e+00	-3.629516e+00
8.735142e+00	-3.368068e+00
8.747763e+00	-3.110494e+00
8.760385e+00	-2.856686e+00
8.773006e+00	-2.606543e+00
8.785628e+00	-2.359947e+00
8.798235e+00	-2.117035e+00
8.810842e+00	-1.877345e+00
8.823449e+00	-1.640661e+00
8.836056e+00	-1.406724e+00
8.861270e+00	-9.458434e-01
8.886485e+00	-4.918310e-01
8.912248e+00	-3.152939e-02
8.938011e+00	4.289724e-01
8.963774e+00	8.935442e-01
8.976656e+00	1.128496e+00
8.989538e+00	1.365776e+00
9.002133e+00	1.600389e+00
9.014729e+00	1.837871e+00
9.027325e+00	2.078469e+00
9.039920e+00	2.322396e+00
9.052516e+00	2.569814e+00
9.065112e+00	2.820849e+00
9.077708e+00	3.075595e+00
9.090303e+00	3.334131e+00
9.103306e+00	3.605071e+00
9.116309e+00	3.880226e+00
9.129311e+00	4.159733e+00
9.142314e+00	4.443794e+00
9.155316e+00	4.732698e+00
9.168319e+00	5.026848e+00
9.181322e+00	5.326765e+00
9.194324e+00	5.633113e+00
9.207381e+00	5.947980e+00
9.220437e+00	6.270992e+00
9.233494e+00	6.603066e+00
9.246550e+00	6.945022e+00
9.259606e+00	7.297415e+00
9.272663e+00	7.660250e+00
9.285719e+00	8.032558e+00
9.298776e+00	8.411778e+00
9.309947e+00	8.738087e+00
9.321117e+00	9.060952e+00
9.332288e+00	9.373233e+00
9.343459e+00	9.665333e+00
9.349044e+00	9.800170e+00
9.354630e+00	9.925347e+00
9.360215e+00	1.003913e+01
9.365801e+00	1.013978e+01
9.371386e+00	1.022563e+01
9.376971e+00	1.029512e+01
9.379764e+00	1.032331e+01
9.382557e+00	1.034693e+01
9.385350e+00	1.036586e+01
9.388142e+00	1.038001e+01
9.389851e+00	1.038627e+01
9.391560e+00	1.039070e+01
9.393269e+00	1.039328e+01
9.394123e+00	1.039389e+01
9.394978e+00	1.039403e+01
9.396686e+00	1.039292e+01
9.398395e+00	1.038996e+01
9.400104e+00	1.038516e+01
9.401813e+00	1.037853e+01
9.403522e+00	1.037008e+01
9.405230e+00	1.035983e+01
9.408648e+00	1.033399e+01
9.412066e+00	1.030121e+01
9.415483e+00	1.026175e+01
9.418901e+00	1.021587e+01
9.422318e+00	1.016390e+01
9.429154e+00	1.004314e+01
9.435989e+00	9.902487e+00
9.442824e+00	9.745137e+00
9.449659e+00	9.574244e+00
9.456494e+00	9.392794e+00
9.470165e+00	9.008651e+00
9.483835e+00	8.610267e+00
9.497506e+00	8.209758e+00
9.509838e+00	7.852945e+00
9.522170e+00	7.503637e+00
9.534502e+00	7.163318e+00
9.546834e+00	6.832415e+00
9.559166e+00	6.510703e+00
9.571498e+00	6.197594e+00
9.583830e+00	5.892327e+00
9.596162e+00	5.594100e+00
9.608578e+00	5.300178e+00
9.620994e+00	5.011912e+00
9.633410e+00	4.728706e+00
9.645826e+00	4.450080e+00
9.658241e+00	4.175664e+00
9.670657e+00	3.905182e+00
9.683073e+00	3.638440e+00
9.695489e+00	3.375307e+00
9.714126e+00	2.986896e+00
9.732764e+00	2.606171e+00
9.751401e+00	2.232876e+00
9.770038e+00	1.866636e+00
9.788676e+00	1.506896e+00
9.807313e+00	1.152892e+00
9.825951e+00	8.036548e-01
9.844588e+00	4.580307e-01
9.863225e+00	1.147255e-01
9.881863e+00	-2.276444e-01
9.900500e+00	-5.704947e-01
9.919137e+00	-9.152146e-01
9.937775e+00	-1.263112e+00
9.956412e+00	-1.615364e+00
9.975050e+00	-1.972984e+00
9.993687e+00	-2.336801e+00
1.000000e+01	-2.461564e+00
